0	8.520110948867	0.036740595828	5.161893084381	1
1	5.269675661714	8.298106586555	-0.151016880933	1
2	-5.080075713963	8.246932255572	-0.141693823373	1
3	-8.220298206596	-0.049389754263	5.187621503147	1
4	0.183030365616	-5.123298302948	8.462370261493	1
5	5.360119889842	-8.443230714788	0.140136858464	1
6	8.505319037624	-0.148537388837	-5.183904126003	1
7	0.103791082169	4.924887688660	-8.457495883249	1
8	-8.239746729871	-0.234451413031	-5.158397655669	1
9	-4.988830612221	-8.496043016277	0.160219209308	1
10	0.152853322814	-5.419862078603	-8.275864659749	1
11	7.118868501180	0.891923062381	5.665339744267	1
12	4.407555255225	7.769296691554	1.235567290082	1
13	-4.210900656593	7.729757473915	1.245077260872	1
14	-6.823270474146	0.817531208407	5.680544771391	1
15	0.174804151328	-3.406899120920	8.414212991980	1
16	4.495239636717	-7.875531104399	1.509626290106	1
17	7.124430117314	-0.810957274882	5.690119806939	1
18	8.485555759687	-0.117711576707	-3.467737448251	1
19	5.790987607852	6.915706975017	0.722957058100	1
20	0.954880235252	5.467307208703	-7.068793604511	1
21	-3.363592184639	8.235014901697	-0.143275138354	1
22	-7.698517614918	1.161632315577	-4.319127883957	1
23	-7.683632222051	1.316385349585	4.296652322545	1
24	-5.506253233022	-7.083069595579	0.986006452948	1
25	-1.198412371819	-4.274554900926	7.900129056748	1
26	1.008597868927	-5.903605067471	-6.868912320455	1
27	7.964625451072	-1.513914975705	-4.294844238631	1
28	1.487059132683	4.077301939829	-7.896169414453	1
29	-6.845727522979	0.614987381120	-5.689322819318	1
30	-5.513256332045	-7.116083660346	-0.716526321184	1
31	7.643559236293	0.041206107655	5.625933584250	1
32	5.231733069717	7.743327664007	0.669708015777	1
33	-4.226607607166	8.195769162344	0.360430648449	1
34	-7.656741044837	0.764406150036	5.130505879427	1
35	-0.323009071706	-4.274218838810	8.383138691072	1
36	4.508125990211	-8.372948223527	0.642258958841	1
37	7.955959160467	-0.778048537613	5.136003848455	1
38	8.442205187376	-0.635339187945	-4.322377395740	1
39	5.737522224951	7.423539668179	-0.136582427194	1
40	0.917441304279	4.899156720914	-7.890782782522	1
41	-4.227607329387	8.177360016156	-0.643586413739	1
42	-7.676523221364	0.581254271712	-5.133389154719	1
43	-8.160999339786	0.438224223208	4.325980460813	1
44	-5.455655152499	-7.621011514440	0.144810482834	1
45	-0.629302978565	-5.096670782612	7.894320213372	1
46	0.156499864708	-5.866850269251	-7.390565018299	1
47	7.942892520231	-0.963783381860	-5.129395263366	1
48	0.610097808657	4.076129376799	-8.377170663358	1
49	-7.363154726192	-0.238107667609	-5.622138277947	1
50	-4.953580091257	-7.943370235357	-0.662320468274	1
51	5.690332387117	1.741739518316	6.145530223355	1
52	3.529165854189	7.207455695038	2.615214468246	1
53	-3.324542134134	7.182049362642	2.625985201945	1
54	-5.399949467392	1.680197967261	6.150654109329	1
55	0.166578653215	-1.678635291680	8.330826605290	1
56	3.613145938819	-7.277476107214	2.871711956896	1
57	5.701763594313	-1.655252331966	6.193673146196	1
58	8.432495667058	-0.086577689183	-1.739612146839	1
59	6.287007806651	5.505636449572	1.592832597684	1
60	1.801529781798	5.986266703945	-5.652662497974	1
61	-1.634102561941	8.189190038250	-0.143423521549	1
62	-7.126198729642	2.551400220500	-3.463120657946	1
63	-7.114353582651	2.674435597906	3.388996545164	1
64	-6.000851703766	-5.643943522560	1.807909672661	1
65	-2.574891614745	-3.410652009247	7.308561630387	1
66	1.860041480358	-6.362542462671	-5.435296029128	1
67	7.392509167901	-2.871303030885	-3.388391942052	1
68	2.862551670955	3.212969280807	-7.302172526473	1
69	-5.424080799998	1.460294620656	-6.196536755329	1
70	-6.012069641233	-5.707782939257	-1.589125982615	1
71	6.237363032061	0.905224053577	6.137468813249	1
72	4.364930529467	7.216681865492	2.067586422948	1
73	-3.355201823763	7.680729613884	1.760302100503	1
74	-6.253603410397	1.637614148711	5.632604508023	1
75	-0.329532642969	-2.546667096325	8.339570593649	1
76	3.640983149021	-7.806620771662	2.024474715217	1
77	6.554301285926	-1.632227073222	5.672994884349	1
78	8.428247438297	-0.602544000317	-2.595460733892	1
79	6.266393793198	6.036165690169	0.746344324703	1
80	1.774765164462	5.451262236243	-6.496360530621	1
81	-2.499839656453	8.171327993565	-0.643030108253	1
82	-7.137111222172	1.988361147796	-4.288875630968	1
83	-7.626026048477	1.817088710895	3.432924013701	1
84	-5.980527159992	-6.202626989387	0.979626160027	1
85	-2.022966553746	-4.243407867171	7.335796154143	1
86	1.020782086642	-6.357170116203	-5.977842442191	1
87	7.404425586713	-2.340212081856	-4.234927946828	1
88	2.005532802724	3.226153527130	-7.816309127340	1
89	-5.964386056174	0.620124017223	-6.162018147723	1
90	-5.487376556509	-6.557514976725	-1.545849352087	1
91	6.736216296812	0.044661011696	6.037631395442	1
92	5.158996230648	7.147564977963	1.464560458940	1
93	-3.364208964231	8.088146640378	0.847541573716	1
94	-7.053012119099	1.551509208042	5.038470912434	1
95	-0.812357634418	-3.417236147243	8.246253577800	1
96	3.647066309520	-8.246901278165	1.127158996624	1
97	7.352310180674	-1.568237927367	5.074992889424	1
98	8.321917670835	-1.105807262098	-3.452649439219	1
99	6.154837564897	6.518700131533	-0.121666934720	1
100	1.704870642378	4.839019760752	-7.283244168974	1
101	-3.365782347597	8.051171384658	-1.127760166511	1
102	-7.071704892229	1.370614925341	-5.072083996463	1
103	-8.046167956441	0.910396842421	3.456012371100	1
104	-5.871032370792	-6.715281697517	0.128648597110	1
105	-1.415413421297	-5.035449857338	7.285857487547	1
106	0.159501211534	-6.261625607360	-6.475824854159	1
107	7.339771399459	-1.752345851567	-5.040580261432	1
108	1.100034073147	3.219773602438	-8.239880056559	1
109	-6.456199845911	-0.240579577089	-6.034872049763	1
110	-4.884477258760	-7.350308720515	-1.460046585438	1
111	3.643620129789	-8.431623637802	0.142745894109	1
112	7.978823857590	-1.359180252220	4.322172764565	1
113	5.792159139499	6.887906445646	-0.979137630530	1
114	-4.213175167436	7.678047825260	-1.509943982341	1
115	-8.203134159487	-0.078757595813	3.471403240117	1
116	-0.667363903272	-5.666858538178	7.073343206924	1
117	-0.694441184223	-5.914464672670	-6.867219855452	1
118	7.110893558316	-1.017618341575	-5.681525428102	1
119	0.112114208036	3.209341828668	-8.405168889033	1
120	-6.836660629582	-1.087339415578	-5.658939730348	1
121	-4.129590755537	-7.966630594186	-1.227700299309	1
122	4.274817801536	2.599714155079	6.646836269100	1
123	2.659980668687	6.669789555880	4.009047737945	1
124	-2.448012605196	6.658518164592	4.021554480849	1
125	-3.991473579514	2.552565432317	6.643723381800	1
126	0.157701538893	0.049769291486	8.274607846619	1
127	2.739844561501	-6.703121996954	4.248986843088	1
128	4.294104635648	-2.508130505928	6.721075321782	1
129	8.409241088521	-0.055749759343	-0.011328957278	1
130	6.807284038209	4.111574387996	2.472358198046	1
131	2.655797237112	6.527772567169	-4.250470649210	1
132	0.095037327306	8.173085852073	-0.144399996370	1
133	-6.576282970103	3.954746182876	-2.616303670462	1
134	-6.567466456780	4.046551682722	2.490190914275	1
135	-6.519662534063	-4.220008949241	2.640197011272	1
136	-3.967304830567	-2.556252549739	6.742453939601	1
137	2.721847955202	-6.847033098463	-4.016953483160	1
138	6.844063016927	-4.242692936396	-2.489982734452	1
139	4.251846675208	2.356716605433	-6.731707676535	1
140	-4.017454857030	2.314687423296	-6.727219363744	1
141	-6.533169273893	-4.313525122287	-2.469532651656	1
142	4.817719348219	1.761018925675	6.632956747978	1
143	3.492621046715	6.670724690729	3.457344260816	1
144	-2.474922433251	7.148572475870	3.151038103083	1
145	-4.840000804179	2.507303845918	6.118740214923	1
146	-0.338087521870	-0.817899663933	8.273924011358	1
147	2.764824768618	-7.225286010774	3.397606613232	1
148	5.140571429146	-2.481979093692	6.191779846022	1
149	8.395498576310	-0.571477140469	-0.866798819584	1
150	6.776731329011	4.634924044852	1.622128403181	1
151	2.626647839912	5.985080526743	-5.088870132490	1
152	-0.769937898319	8.144304750715	-0.643672688320	1
153	-6.579266679345	3.387386484269	-3.438504707507	1
154	-7.070938735734	3.184620336404	2.530565734796	1
155	-6.490528909323	-4.772645615309	1.808450900229	1
156	-3.410807235754	-3.385713776373	6.761335356444	1
157	1.879385378614	-6.832949267308	-4.553724046562	1
158	6.847522667640	-3.707317353702	-3.333334456002	1
159	3.390661561810	2.367007225554	-7.238008200576	1
160	-4.551862725092	1.471605104104	-6.684774431657	1
161	-6.001042201286	-5.157964894982	-2.423949066961	1
162	5.341398414558	0.911528168084	6.581846309499	1
163	4.310178834507	6.642128502530	2.883929991732	1
164	-2.493306287706	7.604283830746	2.261959587265	1
165	-5.667497205499	2.444539197861	5.562531203108	1
166	-0.829330939821	-1.687257849538	8.233105287828	1
167	2.780780832142	-7.712382056462	2.525462946555	1
168	5.967471628368	-2.440845606876	5.633116497456	1
169	8.342028676135	-1.083342300340	-1.723274044064	1
170	6.713238988786	5.141518219820	0.763583653743	1
171	2.581303049744	5.412347919477	-5.906173716600	1
172	-1.635815488231	8.076684576626	-1.137819360105	1
173	-6.552571586063	2.798379401183	-4.245179783275	1
174	-7.540288212484	2.303281390553	2.563103344581	1
175	-6.427359116193	-5.308001684023	0.967081947361	1
176	-2.831390765888	-4.199613527171	6.749171536307	1
177	1.027631888392	-6.784152045749	-5.073689346957	1
178	6.820926903577	-3.149104797628	-4.161558960031	1
179	2.510017038752	2.369593023563	-7.709604583674	1
180	-5.068358017978	0.619788338904	-6.606581307600	1
181	-5.438763834466	-5.981708988972	-2.362265704935	1
182	5.827720251768	0.048057810572	6.451853985328	1
183	5.087646617609	6.552251901497	2.262756765908	1
184	-2.499855244090	7.981140658807	1.336347855394	1
185	-6.448278151531	2.340635946223	4.947225284761	1
186	-1.303252487837	-2.558610717222	8.108700096014	1
187	2.784408084806	-8.122422364701	1.613965067302	1
188	6.747957331492	-2.360843397835	5.014417184398	1
189	8.202890774956	-1.577495922807	-2.580868011788	1
190	6.573189525793	5.611790240380	-0.106852997091	1
191	2.494448797685	4.779133925968	-6.674598097889	1
192	-2.502110797746	7.924953611236	-1.613022401269	1
193	-6.466159914694	2.162234397849	-5.011112865873	1
194	-7.930118814991	1.383240421320	2.583902941652	1
195	-6.287167805227	-5.807487565221	0.112715063639	1
196	-2.204349124220	-4.974590598692	6.677109981890	1
197	0.163010058093	-6.657802515058	-5.559103784471	1
198	6.734514318407	-2.541746479283	-4.950648946034	1
199	1.591570239087	2.361449668587	-8.103805540857	1
200	-5.547365966730	-0.243152130439	-6.449012703646	1
201	-4.814517898405	-6.755758883182	-2.259486934262	1
202	6.242057882452	-0.815234011838	6.160231033488	1
203	5.761844265283	6.354743018188	1.550020418088	1
204	-2.499074213238	8.190087497540	0.357571440841	1
205	-7.122052784626	2.141328650701	4.234463888737	1
206	-1.717128316085	-3.423437739855	7.821575875320	1
207	2.780560616641	-8.368110930684	0.643794658689	1
208	7.418616275975	-2.186763452399	4.292479756296	1
209	7.901883329115	-2.012551529453	-3.430540285830	1
210	6.269363945891	6.008792775056	-0.973726383504	1
211	2.312161180759	4.046660296008	-7.331850698479	1
212	-3.358174694837	7.608587043231	-2.023932883511	1
213	-6.275015200569	1.435813762365	-5.672437859209	1
214	-8.150290813951	0.407124703106	2.598770056977	1
215	-5.986734236199	-6.235495100932	-0.740602932482	1
216	-1.485664595261	-5.648223997861	6.499369813328	1
217	-0.699616454156	-6.368836442024	-5.976329434740	1
218	6.542015596616	-1.839152092830	-5.636702300784	1
219	0.616659916310	2.349632718387	-8.330067281170	1
220	-5.954373332011	-1.099715457234	-6.129586875208	1
221	-4.089684365477	-7.417124705776	-2.062219252194	1
222	2.884567386522	3.474299596144	7.188002006532	1
223	1.808850426938	6.178592440771	5.430440914964	1
224	-1.587439783678	6.176320586708	5.442134635935	1
225	-2.610304273324	3.442392874504	7.180694127123	1
226	0.147689135069	1.779219085575	8.269003190188	1
227	1.883052254219	-6.170397148514	5.653209996220	1
228	2.915725601325	-3.378582186659	7.295520430314	1
229	8.439220856448	-0.025251605914	1.717127178351	1
230	7.372374061547	2.745846539787	3.368875467743	1
231	3.525979273468	7.111006354967	-2.875087640435	1
232	1.823976043131	8.210155854892	-0.146407368976	1
233	-6.070781219184	5.385546112724	-1.787280932058	1
234	-6.064124840173	5.446152524037	1.608441953160	1
235	-7.080785321845	-2.822165958360	3.489172212731	1
236	-5.385047715593	-1.716793942061	6.217677151632	1
237	3.600559839159	-7.375550628691	-2.624568412134	1
238	6.339210228686	-5.640575300873	-1.607715686515	1
239	5.667688889669	1.516491280449	-6.205373049343	1
240	-2.637271921861	3.184794476996	-7.300085746702	1
241	-7.096474256876	-2.946005812121	-3.365502740588	1
242	3.415078525401	2.627638360498	7.155303639689	1
243	2.632011258593	6.155714631628	4.864886285477	1
244	-1.606199583029	6.645298493658	4.559462589623	1
245	-3.445021945539	3.388744576533	6.633944939935	1
246	-0.347504850406	0.911140284840	8.242863345374	1
247	1.899769493074	-6.671675223747	4.788718090021	1
248	3.746621415376	-3.343386174809	6.741899701819	1
249	8.399507923466	-0.541048228236	0.861898517578	1
250	7.318897378855	3.254464485541	2.510161981977	1
251	3.488782292384	6.546925599961	-3.699144544603	1
252	0.959403005477	8.155456459497	-0.645164258357	1
253	-6.051806698307	4.804959080253	-2.600561931789	1
254	-6.545951615938	4.571000254407	1.640049637389	1
255	-7.029765561533	-3.361034978238	2.649045167284	1
256	-4.816728895986	-2.538837442775	6.216415880897	1
257	2.750033946906	-7.339925610304	-3.148240948286	1
258	6.319979415920	-5.091725174993	-2.442492059036	1
259	4.793779545867	1.518570972471	-6.689609498060	1
260	-3.157904146222	2.333913512003	-7.236331714141	1
261	-6.543881859799	-3.777074123804	-3.312522108092	1
262	3.933590829534	1.774739981591	7.099629772508	1
263	3.446591421065	6.116742395467	4.287515210941	1
264	-1.619587907149	7.092512647784	3.665308313178	1
265	-4.267132415081	3.324678890488	6.069573315243	1
266	-0.839732430729	0.042549647857	8.191761670681	1
267	1.911051054938	-7.151805550342	3.912009816779	1
268	4.566550073471	-3.299828469847	6.172490232857	1
269	8.334751634494	-1.053716232340	0.006510733891	1
270	7.245187825041	3.752512050498	1.646949527617	1
271	3.441853245927	5.965556552321	-4.510785499758	1
272	0.094736568331	8.076168819133	-1.140565126848	1
273	-6.014979250884	4.211612218432	-3.404174267645	1
274	-7.007034079936	3.684527492155	1.667225241655	1
275	-6.958213934120	-3.889314782753	1.803528856031	1
276	-4.233753156571	-3.350521847570	6.195019125295	1
277	1.893926237503	-7.282090601120	-3.660915461772	1
278	6.283973636012	-4.530101319350	-3.268206396735	1
279	3.908707871639	1.516448385119	-7.153739846575	1
280	-3.667984981451	1.478409654819	-7.151666104667	1
281	-5.972229301173	-4.594559850840	-3.249204969541	1
282	4.438614400943	0.916363236061	7.012937676438	1
283	4.247999496295	6.057737332121	3.693121082228	1
284	-1.629423131174	7.511990561432	2.757788862735	1
285	-5.072708283389	3.244661221231	5.483263575823	1
286	-1.325456239617	-0.827530148725	8.110678474698	1
287	1.918350291312	-7.603758923241	3.020587335277	1
288	5.371871080360	-3.242865652966	5.583793229151	1
289	8.240454052046	-1.560195959236	-0.850060570112	1
290	7.145918435068	4.239690347450	0.780059732932	1
291	3.379658947365	5.362442532687	-5.305485229310	1
292	-0.770841903907	7.966852856523	-1.628523317186	1
293	-5.957722411861	3.600864685877	-4.193418983891	1
294	-7.440284035842	2.783814463747	1.691158606561	1
295	-6.859050365921	-4.405791593656	0.953405792624	1
296	-3.632538540071	-4.148182766630	6.152282025558	1
297	1.033258497490	-7.196827584798	-4.162519896111	1
298	6.226543663983	-3.949484266458	-4.079839123064	1
299	3.009479659583	1.511257446128	-7.589989635914	1
300	-4.165215537175	0.618740009252	-7.037469727815	1
301	-5.378587548505	-5.395189073077	-3.170635857466	1
302	4.917546292724	0.051010899238	6.865932224685	1
303	5.016299444363	5.955918269867	3.062057798669	1
304	-1.634041180100	7.872350318109	1.825179037625	1
305	-5.842310723181	3.130647299016	4.855534126188	1
306	-1.794608728007	-1.698999427036	7.969438215022	1
307	1.920365835253	-7.997375999603	2.101451274607	1
308	6.142026787239	-3.153815460481	4.952919634766	1
309	8.084105419486	-2.049950880378	-1.707748131350	1
310	6.989326633408	4.702334090804	-0.092047266582	1
311	3.284018829575	4.717820313894	-6.063579016437	1
312	-1.637009198456	7.796793138398	-2.098303689293	1
313	-5.859194411783	2.954430359276	-4.949605115237	1
314	-7.812919970352	1.856367837452	1.710379773811	1
315	-6.702386990150	-4.897675937237	0.097072516459	1
316	-2.994311007818	-4.913217046863	6.067287863357	1
317	0.166856566819	-7.052275798540	-4.640009321812	1
318	6.127457376841	-3.331284577963	-4.859464630081	1
319	2.083507727149	1.501890330923	-7.966885849085	1
320	-4.636582023505	-0.245575584082	-6.862155660016	1
321	-4.743493588177	-6.159530865137	-3.059419649418	1
322	5.346485009308	-0.814397514732	6.604418979726	1
323	5.711995673306	5.778469584235	2.365428726404	1
324	-1.634307670327	8.114660883866	0.854514664846	1
325	-6.538213804689	2.949733994319	4.159643818109	1
326	-2.221959767147	-2.567098039395	7.714875979473	1
327	1.917620536049	-8.275077771019	1.140173013533	1
328	6.836371571379	-2.998534212044	4.249694467376	1
329	7.812892580598	-2.497333360289	-2.560593619212	1
330	6.717909054652	5.114711064842	-0.961916732608	1
331	3.119909041847	4.002779965187	-6.743933384818	1
332	-2.497105513032	7.512405115038	-2.523340130560	1
333	-5.687546497927	2.243990104828	-5.632787497506	1
334	-8.066639857391	0.888673185733	1.726229700581	1
335	-6.433005086174	-5.340563228567	-0.758771330495	1
336	-2.290948432218	-5.607050826548	5.908282491734	1
337	-0.698475090701	-6.794252607697	-5.071131311606	1
338	5.954941472423	-2.645861906337	-5.567446424051	1
339	1.117327920701	1.490389085823	-8.226315787603	1
340	-5.058265548127	-1.105720696054	-6.573207080065	1
341	-4.037025668641	-6.845112617103	-2.880902137775	1
342	1.914313257031	-8.386424243193	0.145506279152	1
343	7.408168768052	-2.750117794973	3.466837464131	1
344	6.291302710789	5.450513820943	-1.802495082108	1
345	-3.329192477141	7.077361613930	-2.869919861162	1
346	-8.149685601629	-0.108458336901	1.742731163656	1
347	-1.512732829740	-6.183958582539	5.656136666757	1
348	-1.536968407178	-6.383097387403	-5.430872959034	1
349	5.688473735727	-1.881102884689	-6.155239714696	1
350	0.120647385888	1.482373278255	-8.318017701805	1
351	-5.405900838591	-1.935287713150	-6.134002349937	1
352	-3.254213884373	-7.406879962867	-2.610138514304	1
353	1.507991480363	4.358894438174	7.750258219086	1
354	0.968393757672	5.714178189093	6.868095040583	1
355	-0.734029450644	5.713734812588	6.874981040441	1
356	-1.246485563756	4.342532616932	7.745319909699	1
357	0.136580427734	3.509016308674	8.291543506959	1
358	1.034693921621	-5.658121758956	7.071196328955	1
359	1.553612746007	-4.259205646196	7.895570446417	1
360	8.496437572087	0.005665360026	3.445767761762	1
361	7.961606270182	1.395349775423	4.273898177160	1
362	4.405805078600	7.719781166169	-1.516620530921	1
363	3.553055106655	8.270986560782	-0.148906097973	1
364	-5.587067061942	6.829767976242	-0.966925639800	1
365	-5.584749242289	6.860422865084	0.735745285807	1
366	-7.665768776312	-1.438924004644	4.346860613967	1
367	-6.816505309904	-0.885279202708	5.715187375760	1
368	4.488836655633	-7.925807146116	-1.245686708259	1
369	5.861158076363	-7.054851145393	-0.735464528859	1
370	7.099543728366	0.686127182535	-5.705805118220	1
371	-1.270456820008	4.063099243670	-7.894893885539	1
372	-7.683419200383	-1.593308025231	-4.269940069740	1
373	2.029383114576	3.506294588935	7.704581070647	1
374	1.784582979007	5.674328810820	6.292751870503	1
375	-0.747769261283	6.169626634028	5.984595878474	1
376	-2.070139363835	4.282911409420	7.181777978717	1
377	-0.357758326855	2.641103493341	8.246428228583	1
378	1.045523934833	-6.145630794977	6.198023774093	1
379	2.373789725647	-4.217901136541	7.325794820683	1
380	8.439568675481	-0.510361741761	2.590985040671	1
381	7.891902370538	1.893291477104	3.409769655731	1
382	4.362591260239	7.139304838113	-2.329388158775	1
383	2.689001274166	8.199571644588	-0.647261929751	1
384	-5.553261573693	6.240577784078	-1.774247774057	1
385	-6.050107601153	5.975658107492	0.760919438369	1
386	-7.598771329008	-1.967457431181	3.500967846335	1
387	-6.239075752991	-1.701534894261	5.698435819228	1
388	3.632207512293	-7.875744711555	-1.759780116735	1
389	5.824403093740	-6.495616221522	-1.563347717212	1
390	6.215753303629	0.681623561682	-6.172597961875	1
391	-1.781280180858	3.206997996253	-7.815940307644	1
392	-7.114709376826	-2.413629881072	-4.211092052745	1
393	2.535581719435	2.646612723357	7.629396871815	1
394	2.588612473361	5.612510833639	5.701926597105	1
395	-0.754361281720	6.595727907812	5.079695343213	1
396	-2.877571060844	4.210048525613	6.596650185895	1
397	-0.848259353989	1.772839856392	8.170925653901	1
398	1.049711481961	-6.604797059412	5.309514301783	1
399	3.177627170090	-4.164644829145	6.733959310779	1
400	8.350013283617	-1.021859379044	1.736392231688	1
401	7.796682173489	2.377753157214	2.540297230797	1
402	4.306817144062	6.537319763610	-3.125615436928	1
403	1.825115487774	8.095815589471	-1.140614502328	1
404	-5.496745245196	5.635022998246	-2.568125203807	1
405	-6.488633824384	5.077136876957	0.780505090189	1
406	-7.505721587482	-2.482547275196	2.649163717606	1
407	-5.644783853631	-2.504905952072	5.658099233610	1
408	2.769799770223	-7.798135600375	-2.260410226963	1
409	5.766095205913	-5.920462364443	-2.379105767252	1
410	5.318639505863	0.671950370290	-6.613741787658	1
411	-2.277757986347	2.345448763153	-7.709446802411	1
412	-6.523928433952	-3.217329143885	-4.140121349516	1
413	3.035343891415	1.784517722921	7.538320254343	1
414	3.386470557512	5.542484429819	5.103150876357	1
415	-0.759373414447	7.006610429738	4.167320454531	1
416	-3.677165608105	4.128622215056	6.001186279970	1
417	-1.334911476030	0.903694639561	8.079951798218	1
418	1.052487932314	-7.049599879323	4.413503319593	1
419	3.975001604695	-4.104546223540	6.133549998663	1
420	8.243788887979	-1.529542278761	0.880988520535	1
421	7.688004180418	2.856775200564	1.669158059983	1
422	4.243002932218	5.925319451580	-3.914236248820	1
423	0.960711483243	7.976130422973	-1.629748266478	1
424	-5.429655950047	5.020263434819	-3.354470169732	1
425	-6.913308014339	4.171572019485	0.799208902811	1
426	-7.398719445699	-2.992013046611	1.795012365929	1
427	-5.040231873379	-3.300297267809	5.606576866950	1
428	1.905006799887	-7.703865319735	-2.754686516060	1
429	5.699015650870	-5.336592366702	-3.188333957804	1
430	4.414701731492	0.661728069908	-7.041570838310	1
431	-2.768535635032	1.482143416243	-7.588539855844	1
432	-5.922324001168	-4.012529919535	-4.060582248475	1
433	3.527644134593	0.920414124032	7.427029991640	1
434	4.174749850401	5.461275463123	4.492801699951	1
435	-0.763978070033	7.400053125572	3.247300117759	1
436	-4.466083601423	4.035074735816	5.393059236216	1
437	-1.815677230827	0.033100944408	7.970141507370	1
438	1.054421660947	-7.476344925347	3.508628983103	1
439	4.763910802697	-4.034849398394	5.522526551174	1
440	8.120451835496	-2.031127446961	0.024370621752	1
441	7.561435214809	3.329643448519	0.796690213854	1
442	4.168273483045	5.301264878227	-4.692593017776	1
443	0.095328520757	7.838012673324	-2.112657214518	1
444	-5.351042334976	4.393872688560	-4.130701679168	1
445	-7.320193585243	3.257668174684	0.817985367579	1
446	-7.273455645239	-3.495228120563	0.939311998725	1
447	-4.423280537035	-4.085473460367	5.542841742090	1
448	1.038919594033	-7.591187162397	-3.242897552287	1
449	5.619682757190	-4.739458685134	-3.987014728035	1
450	3.502261144582	0.651711241685	-7.451845451425	1
451	-3.252964252533	0.617772485490	-7.448758392204	1
452	-5.307189673143	-4.796548994537	-3.969312405829	1
453	4.003237440424	0.053630516354	7.272876403366	1
454	4.939845946096	5.353505046927	3.857454138692	1
455	-0.767297733344	7.754402751739	2.311436855999	1
456	-5.231284260301	3.917310961244	4.759563027740	1
457	-2.283932544576	-0.838575925676	7.822272593324	1
458	1.055102307980	-7.862895450361	2.585631016955	1
459	5.529604497303	-3.942369406805	4.885520765910	1
460	7.955985664854	-2.519395898457	-0.833426749531	1
461	7.396992805264	3.788203280375	-0.076989883598	1
462	4.068779685900	4.650664396229	-5.445954723475	1
463	-0.770823483993	7.659802940091	-2.580795438967	1
464	-5.247143426992	3.743091440419	-4.883371065039	1
465	-7.686044589316	2.326661805978	0.835972799381	1
466	-7.108906317214	-3.983231881987	0.081437481268	1
467	-3.780313041006	-4.846771390856	5.451495056736	1
468	0.170806732482	-7.438456189903	-3.716630269745	1
469	5.514639652261	-4.116595833693	-4.762916801130	1
470	2.572844255304	0.641153800386	-7.822097251865	1
471	-3.720860023436	-0.247805135572	-7.266510476022	1
472	-4.666102539137	-5.556120805075	-3.854367930538	1
473	4.444291945274	-0.812936258223	7.036236276853	1
474	5.651988576396	5.192449305570	3.173490347075	1
475	-0.768709400574	8.024487286922	1.347901985277	1
476	-5.944076774723	3.750163400996	4.077315182345	1
477	-2.721542836277	-1.709092546654	7.594316119050	1
478	1.053750380395	-8.167528067829	1.632673127545	1
479	6.242916166087	-3.801995348048	4.198261232950	1
480	7.711109400636	-2.977237897690	-1.688976662696	1
481	7.151552777707	4.213039586957	-0.948888462844	1
482	3.919728151029	3.950607840906	-6.145213253634	1
483	-1.633815997781	7.401029404523	-3.016298005502	1
484	-5.091712429142	3.045814560988	-5.583936793477	1
485	-7.967135886696	1.366397579827	0.852765537430	1
486	-6.864657901649	-4.438088576562	-0.775719709934	1
487	-3.089901750252	-5.557353500657	5.308863760815	1
488	-0.696110857215	-7.205571284719	-4.159123518695	1
489	5.357974277486	-3.444678608399	-5.487732941842	1
490	1.614058726598	0.630419468793	-8.108228636448	1
491	-4.154899750521	-1.110159613489	-7.002838134748	1
492	-3.975505219938	-6.261655076726	-3.691183412600	1
493	4.828970093177	-1.665598818553	6.679936772111	1
494	6.274697137763	4.955308762019	2.426730718048	1
495	-0.769215357197	8.164081642135	0.356989092819	1
496	-6.567669638931	3.509237265226	3.332437300818	1
497	-3.104471442223	-2.565507302974	7.246005890428	1
498	1.051223004913	-8.342879641356	0.647222002041	1
499	6.864076372816	-3.588111147432	3.443344215440	1
500	7.346017528215	-3.380002567531	-2.529437338870	1
501	6.783279782094	4.580144584672	-1.803721924617	1
502	3.696847441061	3.187071673377	-6.752674581296	1
503	-2.480074673342	7.023137240174	-3.394240683316	1
504	-4.862706851978	2.287108504061	-6.195056123506	1
505	-8.115363635135	0.376741737456	0.869669560671	1
506	-6.500540930929	-4.836126349695	-1.618557421953	1
507	-2.337315583656	-6.180489518461	5.091722373792	1
508	-1.547826659247	-6.851958294701	-4.548126524562	1
509	5.127333627653	-2.707671807784	-6.124280515014	1
510	0.625477770874	0.621729289371	-8.263895065765	1
511	-4.532877081671	-1.954158210132	-6.619904261656	1
512	-3.220052800287	-6.874282986125	-3.455232135040	1
513	0.124054151295	5.225864532986	8.279974371432	1
514	0.632534140808	4.375271821905	8.232790236394	1
515	0.934903766586	5.178175152100	7.711502224973	1
516	0.119683409699	5.672255115325	7.394365411020	1
517	-0.688732273387	5.171270606719	7.714313872198	1
518	-0.371333546372	4.368619021933	8.228268660812	1
519	0.184056089811	-5.602468334961	7.593706993420	1
520	0.992985159790	-5.087431836000	7.891604175192	1
521	8.457163631148	-0.481112893808	4.318239046023	1
522	8.449253747594	0.522760928849	4.300560379578	1
523	5.231634342740	7.716222046687	-0.952892876593	1
524	4.416716306058	8.219845705616	-0.650843011982	1
525	-5.037261672401	7.664955247002	-0.943555500328	1
526	-5.537269547357	7.367222500534	-0.125117600045	1
527	-8.153170348357	-0.565549666054	4.343800468724	1
528	-7.648783883295	-0.859376567610	5.161261536668	1
529	4.506121198895	-8.393110497248	-0.361722195357	1
530	5.313935405444	-7.889789216036	-0.681231243765	1
531	7.626620183423	-0.161241051129	-5.643041639562	1
532	-0.394136797283	4.070901977269	-8.377158564156	1
533	-7.667936252402	-1.042625031536	-5.104488371685	1
534	1.124966063474	3.514747951901	8.130033330053	1
535	1.718987936261	5.093436316863	7.103235804247	1
536	0.114984681999	6.067328711617	6.479646218921	1
537	-1.474722801504	5.081914114089	7.108690058046	1
538	-0.850257477746	3.501989474599	8.120204860802	1
539	0.185177761042	-6.030944056914	6.694069178802	1
540	1.775789133170	-5.017418385022	7.279651294005	1
541	8.336977535335	-0.983003136136	3.465758035394	1
542	8.323155437016	0.991994218874	3.431074909966	1
543	5.158788302622	7.093282771388	-1.727121605610	1
544	3.555269571233	8.084801126696	-1.132828574501	1
545	-4.959172116604	7.042593540826	-1.717820611067	1
546	-5.943884974099	6.457778382708	-0.108229842232	1
547	-8.028112940955	-1.064852365221	3.491043367643	1
548	-7.037651391093	-1.643938473923	5.099798783841	1
549	3.642812087859	-8.285304018106	-0.847993997487	1
550	5.232829461985	-7.296506186677	-1.477383535914	1
551	6.718083516458	-0.173701197467	-6.050906754623	1
552	-0.876061359727	3.209768398879	-8.240388816705	1
553	-7.055480900098	-1.823285895974	-5.015526702720	1
554	1.617703058553	2.652190302089	8.024956583589	1
555	2.506361352660	5.010568747829	6.495112835038	1
556	0.110639622716	6.463843550759	5.563041575202	1
557	-2.262634040080	4.991952319513	6.501720549636	1
558	-1.330907456700	2.633691068007	8.013061085377	1
559	0.186504300829	-6.459653066270	5.791970710852	1
560	2.561527451816	-4.948565451615	6.667720962986	1
561	8.216022532621	-1.485709102450	2.611530604903	1
562	8.198459901832	1.462858932635	2.559607901145	1
563	5.086063309226	6.469859405317	-2.503538590631	1
564	2.692073020968	7.949940292632	-1.616366686999	1
565	-4.880927701951	6.418857629427	-2.493779604381	1
566	-6.351634051513	5.546225817187	-0.091251271352	1
567	-7.904478075741	-1.566061450294	2.636541790657	1
568	-6.425191559420	-2.430255653649	5.038131375323	1
569	2.777610860054	-8.177110857481	-1.335390193166	1
570	5.151982561073	-6.702124245024	-2.275498691624	1
571	5.807922382212	-0.185804251906	-6.461249325238	1
572	-1.359283606857	2.346579765436	-8.103937958221	1
573	-6.443059526175	-2.606801258312	-4.927442176010	1
574	2.110218365257	1.788176777783	7.917689053533	1
575	3.294330560499	4.927252922693	5.885571814149	1
576	0.106854426610	6.859144921377	4.644356859485	1
577	-3.051210474529	4.900540645121	5.893442165676	1
578	-1.813094052187	1.764280058451	7.906273291502	1
579	0.187601929871	-6.887331131608	4.888073591047	1
580	3.348314886792	-4.879282572212	6.054649148736	1
581	8.092788106156	-1.988779910740	1.756041524244	1
582	8.073144521807	1.934388209103	1.686851460523	1
583	5.012382148994	5.845089661376	-3.280651431380	1
584	1.827812861517	7.813716995177	-2.100519272985	1
585	-4.801796934464	5.793822070786	-3.270218558215	1
586	-6.760325592435	4.633552486237	-0.074148408047	1
587	-7.779909557855	-2.067865403518	1.780880964254	1
588	-5.810746770621	-3.216759833675	4.974863111439	1
589	1.911147114395	-8.066130252047	-1.822733635554	1
590	5.071600655116	-6.106698067150	-3.074857380894	1
591	4.896342869740	-0.197771466702	-6.871826340214	1
592	-1.842472984460	1.482035483052	-7.965809591506	1
593	-5.829372410753	-3.391340109915	-4.838720689664	1
594	2.599096211118	0.922629190142	7.799811685142	1
595	4.078559912870	4.839156162885	5.270234289839	1
596	0.103625991682	7.245975098752	3.721232985295	1
597	-3.835219282214	4.803044281271	5.279105302278	1
598	-2.292490565382	0.893822808772	7.789510502586	1
599	0.188312872322	-7.307422042705	3.979809088627	1
600	4.131253550848	-4.804887376330	5.436103171226	1
601	7.960858244956	-2.489086890027	0.899423720209	1
602	7.938534816138	2.403218588990	0.812972606075	1
603	4.933789685308	5.214890530660	-4.054013368861	1
604	0.962691373217	7.668008093329	-2.581863554980	1
605	-4.717582197203	5.163189696530	-4.042808715954	1
606	-7.159666736518	3.716018778397	-0.056808879053	1
607	-7.648048812227	-2.567533319737	0.923884032197	1
608	-5.189919238297	-3.998774741176	4.905878763478	1
609	1.043544644043	-7.945832799799	-2.307291551839	1
610	4.986146059818	-5.504932014190	-3.869964452163	1
611	3.980042837754	-0.209199634263	-7.274102705967	1
612	-2.322945588616	0.616598589723	-7.818463309476	1
613	-5.209001980896	-4.170963206438	-4.743956719720	1
614	3.078534600548	0.055532651610	7.655702365788	1
615	4.848201930406	4.735272318957	4.639001488877	1
616	0.100627111775	7.608910591018	2.788363920707	1
617	-4.604999874276	4.690297725973	4.649271557869	1
618	-2.764234218876	0.022205506009	7.649962443689	1
619	0.188661697031	-7.703256427450	3.060379173960	1
620	4.900959393829	-4.716705396450	4.802682413948	1
621	7.804352938716	-2.980579823463	0.041714235686	1
622	7.780449955884	2.863694861328	-0.061527410809	1
623	4.839465431823	4.568464590095	-4.812287314286	1
624	0.096535301236	7.497995656299	-3.053843267968	1
625	-4.618556100041	4.517662316717	-4.801307635303	1
626	-7.534067431351	2.787819910080	-0.039474264489	1
627	-7.491145013738	-3.058216350726	0.065857430548	1
628	-4.552597473930	-4.765844240172	4.820095277117	1
629	0.174968971288	-7.799783359881	-2.783122833972	1
630	4.885170705717	-4.886847891737	-4.650555872242	1
631	3.053353492195	-0.220295051471	-7.652173749557	1
632	-2.794232078859	-0.249391307904	-7.645470288383	1
633	-4.572945524997	-4.936215515723	-4.634727913577	1
634	3.534135898476	-0.811974219563	7.451308416006	1
635	5.581803903525	4.594909249325	3.972925105994	1
636	0.098154524274	7.914077873193	1.835142067404	1
637	-5.338625599768	4.541298056773	3.984888369555	1
638	-3.214909037828	-0.849997517829	7.455290261603	1
639	0.188421057083	-8.041797137013	2.118519757747	1
640	5.636095067464	-4.595066746312	4.134694752483	1
641	7.590421876498	-3.450374197880	-0.815901021704	1
642	7.565912120415	3.302277047447	-0.935187754317	1
643	4.709287417786	3.887236095304	-5.533831265766	1
644	-0.768900796759	7.271334447330	-3.502620412638	1
645	-4.484188749695	3.838191693079	-5.523759637376	1
646	-7.849129349198	1.838028814132	-0.021836681144	1
647	-7.277991244997	-3.526911801957	-0.792472770355	1
648	-3.879500792965	-5.496582706834	4.697507241488	1
649	-0.693237500390	-7.596943112151	-3.238173714935	1
650	4.749098788519	-4.233386978402	-5.396412458855	1
651	2.104831492258	-0.230444190649	-7.971323832059	1
652	-3.242852225745	-1.113923142356	-7.414365938770	1
653	-3.901522917591	-5.664260090290	-4.490461975465	1
654	3.946209675164	-1.672168453219	7.148067200200	1
655	6.245646962686	4.392206950937	3.251963095271	1
656	0.096225904877	8.114924774123	0.854764099319	1
657	-6.003401983218	4.331593019005	3.266425616406	1
658	-3.622822497064	-1.715342193831	7.161630151249	1
659	0.187461057065	-8.276788705488	1.145631656318	1
660	6.301209055185	-4.413516908604	3.409473443928	1
661	7.279230640032	-3.878235139344	-1.665567697557	1
662	7.252922308165	3.697601519765	-1.799521665291	1
663	4.518945446514	3.151698319220	-6.185266667927	1
664	-1.625260169969	6.947015683465	-3.906582159883	1
665	-4.288945333092	3.105233793711	-6.176819065637	1
666	-8.057902773101	0.859326845016	-0.003822089350	1
667	-6.967334486196	-3.952384108160	-1.643377933809	1
668	-3.152766885645	-6.160322637914	4.514377001845	1
669	-1.553323916829	-7.297746755013	-3.653433593075	1
670	4.552812767165	-3.524215096481	-6.074876823854	1
671	1.127352086787	-0.239058546261	-8.186296003823	1
672	-3.648265635585	-1.967655821955	-7.084958375593	1
673	-3.175274160333	-6.322313882167	-4.287368956503	1
674	0.185540871123	-8.370423500317	0.149238988361	1
675	6.860142630539	-4.154880917264	2.620577654716	1
676	6.812061566510	4.026926654819	-2.635214230714	1
677	-2.454436231969	6.499744807279	-4.244666384816	1
678	-8.124935346467	-0.139199998209	0.014351926195	1
679	-2.367564492369	-6.724382511217	4.254495945715	1
680	-2.388031498422	-6.873753690933	-4.008062464807	1
681	4.279369617492	-2.752763341683	-6.650686358138	1
682	0.129233525982	-0.245244181295	-8.260824770362	1
683	-3.989501064454	-2.792216675498	-6.631583598890	1
684	0.642895239179	2.647406218941	8.251595119138	1
685	2.330344914381	4.306482792135	7.184136369483	1
686	0.972869348979	6.168160303115	5.977353930114	1
687	-1.553646709442	5.669631227720	6.303546709023	1
688	-1.753774083999	3.482800485619	7.693572496640	1
689	-0.674668403524	-6.152640218441	6.199464800046	1
690	1.851509015984	-5.632362633469	6.495081678286	1
691	7.916937397962	-1.889829352514	3.476881345345	1
692	8.433825499040	0.490354333100	2.573462258854	1
693	5.763695711035	6.299487530777	-1.786928602494	1
694	3.550576881823	7.641154192537	-2.028267551358	1
695	-4.165220579086	7.097232442404	-2.322454445013	1
696	-6.052804192984	5.944802750546	-0.959235492987	1
697	-8.140415100407	-0.593602624132	2.616709887459	1
698	-7.096857721750	-2.260693164915	4.315764361944	1
699	2.778309796505	-8.387091743391	-0.356825993488	1
700	4.437893128085	-7.375045184485	-2.078630855023	1
701	6.227137377826	-1.039070207176	-6.148791948203	1
702	-0.384287600863	2.344566637255	-8.330838384472	1
703	-6.258269294135	-1.901492907189	-5.613274664629	1
704	1.144372413773	1.785109767084	8.178425951962	1
705	3.136221661517	4.240782897863	6.595844335367	1
706	0.971665105753	6.595009142798	5.073205043468	1
707	-2.358921787237	5.600226866133	5.714227441690	1
708	-2.248444950752	2.617554692429	7.617162206419	1
709	-0.676104010791	-6.611114545691	5.310708550023	1
710	2.654934356373	-5.584011869926	5.901660731737	1
711	7.826828721531	-2.406424357735	2.625314420605	1
712	8.341095963072	0.970610363734	1.701377625157	1
713	5.711479284634	5.694012711623	-2.580897740861	1
714	2.689914451773	7.536970069039	-2.526456995569	1
715	-4.104308355427	6.494787554526	-3.118242151547	1
716	-6.492065723086	5.046368384724	-0.945292381567	1
717	-8.047725797107	-1.103875382147	1.761971856926	1
718	-6.505858792875	-3.066047279604	4.271230016216	1
719	1.912897339062	-8.311014226313	-0.852477507195	1
720	4.374192229704	-6.801458015981	-2.895432002508	1
721	5.329840925217	-1.054179545456	-6.589851809290	1
722	-0.876140182875	1.480374898706	-8.226100674188	1
723	-5.663673966541	-2.702662277467	-5.545430780106	1
724	1.641416464774	0.921454459498	8.088972524578	1
725	3.934299324778	4.167046751681	5.997226430262	1
726	0.969740509235	7.008395265040	4.162346652725	1
727	-3.156186703940	5.519538210899	5.115278626744	1
728	-2.738450583796	1.750382728151	7.528009320612	1
729	-0.676784818703	-7.056490720581	4.415256559564	1
730	3.451302942506	-5.526113976981	5.299225965790	1
731	7.721282644096	-2.916982774501	1.771580973946	1
732	8.232810795322	1.447057974592	0.828558249302	1
733	5.649227124881	5.079100049110	-3.367559190261	1
734	1.827512919100	7.418013422806	-3.018851692011	1
735	-4.034844360882	5.881726650485	-3.905561456896	1
736	-6.916735554457	4.140587350908	-0.929792512742	1
737	-7.940608831064	-1.610790106167	0.906427499417	1
738	-5.903687824660	-3.863109132783	4.217765363917	1
739	1.046614382465	-8.218158776422	-1.344197077276	1
740	4.303526070118	-6.217947949902	-3.704994259704	1
741	4.425188108668	-1.067630352952	-7.016802692509	1
742	-1.363891283232	0.615622437908	-8.104567606889	1
743	-5.059492383877	-3.496187705941	-5.467698376403	1
744	2.131854783621	0.056083545331	7.980099761226	1
745	4.722411994946	4.082152865987	5.386733614981	1
746	0.968168970720	7.404056840746	3.243404392287	1
747	-3.943502862772	5.427309042027	4.504617149473	1
748	-3.222593883983	0.881564516830	7.420406073083	1
749	-0.677645621015	-7.485097963634	3.511193543579	1
750	4.237896733754	-5.457301363708	4.684937922140	1
751	7.596536181619	-3.420686748906	0.916198965722	1
752	8.106583737430	1.917584831678	-0.045379621720	1
753	5.575690936448	4.452686695828	-4.144199532456	1
754	0.963513575414	7.279927153158	-3.503985019413	1
755	-3.954362787702	5.256951261503	-4.682925980329	1
756	-7.323323855921	3.226535987984	-0.914070930331	1
757	-7.816642676743	-2.111742161159	0.049320979728	1
758	-5.288452739165	-4.649284904535	4.152001076928	1
759	0.179075133972	-8.104866172896	-1.829800409134	1
760	4.220938063685	-5.620998528343	-4.503691201249	1
761	3.511982539687	-1.080508186949	-7.425587398715	1
762	-1.845821134090	-0.250125992025	-7.965502842342	1
763	-4.443958357534	-4.280035106265	-5.379501511474	1
764	2.607466224232	-0.811034610534	7.827604691374	1
765	5.486052621855	3.971994112204	4.749823379016	1
766	0.965995438948	7.760700766721	2.308728878025	1
767	-4.707425339159	5.308932818353	3.869072547088	1
768	-3.692242618605	0.010404219878	7.274624120012	1
769	-0.678162901716	-7.873685806616	2.589349374463	1
770	5.002484455487	-5.364591642319	4.046406155039	1
771	7.430753025205	-3.908943675901	0.058836658546	1
772	7.940136827232	2.374157388519	-0.919919849005	1
773	5.475467102838	3.800420492392	-4.896282428726	1
774	0.097891423667	7.101978760380	-3.972954893222	1
775	-3.850297232081	4.607338237036	-5.436591896843	1
776	-7.689882104547	2.295700526378	-0.897202540095	1
777	-7.652206488453	-2.599058840870	-0.808851927125	1
778	-4.646240302765	-5.411212426648	4.060866325341	1
779	-0.689510281599	-7.950276983503	-2.301990393597	1
780	4.114605421237	-4.998236168530	-5.279475500585	1
781	2.581649368432	-1.091750029937	-7.793658962470	1
782	-2.313670612602	-1.115914019086	-7.785676538554	1
783	-3.802905443388	-5.039542792221	-5.265767810038	1
784	3.050201310040	-1.676740025683	7.590430780690	1
785	6.196851509925	3.811312192061	4.063862778736	1
786	0.963030949958	8.033815858439	1.346166298479	1
787	-5.419177730384	5.138687454670	3.186310326155	1
788	-4.129249354812	-0.860909992060	7.048647735869	1
789	-0.677783959861	-8.179687400196	1.636817373966	1
790	5.715206955251	-5.222040283607	3.358997884096	1
791	7.184506002132	-4.364483665908	-0.797399720351	1
792	7.692799260645	2.799629244439	-1.791080692132	1
793	5.324599078121	3.100992352071	-5.595798620055	1
794	-0.766036846961	6.843740155044	-4.406841643632	1
795	-3.696701893368	3.909423589257	-6.137009798846	1
796	-7.969767089874	1.335190650360	-0.878493824447	1
797	-7.406880323131	-3.054792030908	-1.665079510809	1
798	-3.954728607983	-6.120755372192	3.919420247952	1
799	-1.555492673135	-7.715220459153	-2.745240204942	1
800	3.959788200754	-4.325882211692	-6.004355516120	1
801	1.622589052502	-1.100499666807	-8.078757606739	1
802	-2.749519733248	-1.977225790696	-7.522328343073	1
803	-3.113973823861	-5.746537148343	-5.102119825270	1
804	3.436164384103	-2.527697551737	7.231823263626	1
805	6.818132766592	3.575539025850	3.315273529689	1
806	0.960181456910	8.174761719184	0.355467867621	1
807	-6.042741301667	4.895422107970	2.442060186753	1
808	-4.510168080618	-1.718650550841	6.701193756640	1
809	-0.677958176791	-8.353457289910	0.651302493500	1
810	6.337034392260	-5.006137079678	2.605212174778	1
811	6.819674490199	-4.765095507429	-1.638977216820	1
812	7.324460726331	3.169068651792	-2.645082679279	1
813	5.099802290026	2.338676600616	-6.204017575627	1
814	-1.613375449366	6.466277079918	-4.782524393869	1
815	-3.469481542037	3.149839483104	-6.747670860984	1
816	-8.118370949471	0.345558815116	-0.859082608340	1
817	-7.043069844375	-3.454996176014	-2.507065588289	1
818	-3.201062929341	-6.743528675664	3.704296513285	1
819	-2.406177958949	-7.362188208176	-3.136760158148	1
820	3.731295284512	-3.588174487526	-6.640777996548	1
821	0.633890219354	-1.106896624161	-8.234309731999	1
822	-3.129589158891	-2.820060529444	-7.139231237307	1
823	-2.360754485938	-6.361580235132	-4.865268079745	1
824	0.653200647892	0.917176874618	8.246899963662	1
825	3.717095745477	3.428696666123	6.636765093333	1
826	1.820077492645	6.648855044575	4.549006003906	1
827	-2.412350707338	6.145511452901	4.878436408304	1
828	-3.129407041351	2.589296242897	7.146893605274	1
829	-1.526562269578	-6.685432444417	4.791907577611	1
830	2.706307463660	-6.159418772189	5.086394989760	1
831	7.360809266500	-3.290308490417	2.627166868605	1
832	8.395707089233	0.459736997840	0.844354952423	1
833	6.277003471467	4.870758686165	-2.616507639201	1
834	2.676881371866	7.049258118881	-3.398404503723	1
835	-3.287449589663	6.512544497064	-3.693286654653	1
836	-6.552234232098	4.509516665003	-1.785704795564	1
837	-8.105752948496	-0.623908900368	0.887691991716	1
838	-6.527520533640	-3.654062273869	3.463577359784	1
839	1.048631341039	-8.359975290058	-0.353513908888	1
840	3.556084199120	-6.839892820893	-3.467489035733	1
841	4.813912740165	-1.908600354317	-6.638694187404	1
842	-0.375549103861	0.616689864571	-8.263120007037	1
843	-4.836556796168	-2.755903055619	-6.103265465312	1
844	1.155579787417	0.054253693058	8.199064140230	1
845	4.537245682858	3.372815334187	6.068006264621	1
846	1.827140370511	7.099255852524	3.656957020646	1
847	-3.227024124025	6.095616141788	4.301224922124	1
848	-3.638434149260	1.731020544141	7.093594474867	1
849	-1.535762937416	-7.166680917785	3.915961256283	1
850	3.519608619896	-6.130805647404	4.506105585198	1
851	7.290673356501	-3.819049016207	1.781846763292	1
852	8.328326417390	0.941829549861	-0.028594584872	1
853	6.244632385072	4.277861828374	-3.420554148564	1
854	1.822568122578	6.965801843703	-3.910305804469	1
855	-3.235178136401	5.929362862263	-4.503331679085	1
856	-7.012911242579	3.622494513145	-1.779257640164	1
857	-8.039675142601	-1.136289508366	0.032237870177	1
858	-5.955537207297	-4.472952822679	3.427288698070	1
859	0.182634851950	-8.308164150165	-0.849810670974	1
860	3.501760528022	-6.285874735069	-4.297639544129	1
861	3.927947324057	-1.930862485853	-7.100825536001	1
862	-0.868752065183	-0.248908375865	-8.182824208752	1
863	-4.254953539433	-3.567166573098	-6.056378480846	1
864	1.650646431113	-0.810525530249	8.119948902102	1
865	5.340598166239	3.300601629815	5.477128645152	1
866	1.831165361353	7.522201882873	2.751495110563	1
867	-4.026629618666	6.023735115065	3.705485108447	1
868	-4.136280553819	0.867990957014	7.013029340460	1
869	-1.542267553553	-7.621608302482	3.026248448761	1
870	4.319286302214	-6.082682483964	3.908231099152	1
871	7.192379903555	-4.335864128225	0.931815451474	1
872	8.231480446756	1.416968858926	-0.902652671056	1
873	6.191184727595	3.666447432408	-4.209800203919	1
874	0.963500530853	6.853156712532	-4.408780290025	1
875	-3.167737888476	5.325705026762	-5.297173575965	1
876	-7.446238332010	2.721736816813	-1.769121413016	1
877	-7.944647163524	-1.642150893551	-0.824635014313	1
878	-5.361840047124	-5.275355996199	3.374954402420	1
879	-0.684705033350	-8.223697120835	-1.339510201801	1
880	3.432088199496	-5.710781571640	-5.112320108855	1
881	3.027666605516	-1.949309107600	-7.534818292085	1
882	-1.355158479505	-1.115157667367	-8.073176439651	1
883	-3.655123303560	-4.363859963199	-5.988897671191	1
884	2.127626356320	-1.677369205102	7.975063415746	1
885	6.108062416205	3.193735689346	4.844962215219	1
886	1.830768691911	7.887279113430	1.820879354671	1
887	-4.793549175115	5.910487904238	3.073879491450	1
888	-4.609756015208	-0.001592660784	6.874790175719	1
889	-1.544390384544	-8.018689759099	2.108883039833	1
890	5.087260200880	-5.995682052476	3.274206548035	1
891	7.032895689553	-4.827055406920	0.075832695975	1
892	8.072734905990	1.874719524754	-1.777080950366	1
893	6.095861357059	3.018272076602	-4.965079182497	1
894	0.099118428380	6.681644070345	-4.881019709068	1
895	-3.067265830516	4.681924484480	-6.055340210259	1
896	-7.818931956540	1.794121984723	-1.753671526435	1
897	-7.789162617503	-2.131037534746	-1.682702132762	1
898	-4.725254056521	-6.041446561594	3.287667179408	1
899	-1.553128717397	-8.077074310801	-1.813300773890	1
900	3.329428250783	-5.093893229941	-5.892373082209	1
901	2.100975016281	-1.961896525034	-7.909849144419	1
902	-1.824456792967	-1.980866173642	-7.901492857126	1
903	-3.018687280335	-5.127345222775	-5.881268883601	1
904	2.559975866899	-2.540562486637	7.711428024537	1
905	6.800009716705	3.017604929764	4.143792004244	1
906	1.826729969368	8.134605918774	0.851448714866	1
907	-5.488344776138	5.724281870840	2.378270311901	1
908	-5.034709953938	-0.871881140948	6.623479295837	1
909	-1.543093583196	-8.297562610121	1.148316898124	1
910	5.781787758811	-5.836375247559	2.572038896401	1
911	6.761806236569	-5.270655771239	-0.779157868243	1
912	7.799975846545	2.290034304709	-2.645210466021	1
913	5.927800719192	2.304780232181	-5.646102455019	1
914	-0.762896494265	6.398319485379	-5.302393920704	1
915	-2.899403073401	3.970494583533	-6.738315643367	1
916	-8.072164674000	0.826384005495	-1.733595913825	1
917	-7.518138193550	-2.576444250669	-2.536543065623	1
918	-4.019890192589	-6.734029172203	3.132040207838	1
919	-2.416499712900	-7.816474136200	-2.246907788448	1
920	3.160001719263	-4.406807922719	-6.599703061370	1
921	1.134311179739	-1.969038730240	-8.168288488075	1
922	-2.250219234037	-2.839057722340	-7.612856416033	1
923	-2.316519032045	-5.817105405321	-5.702002863872	1
924	-1.543446211794	-8.406194976927	0.153624864214	1
925	6.353363896984	-5.584665106785	1.790167455733	1
926	7.373431870357	2.628786143776	-3.484650545346	1
927	-1.596737704567	5.965316396530	-5.647188442137	1
928	-8.156153101629	-0.170851605393	-1.713859706661	1
929	-3.240330610974	-7.310165702637	2.882276096830	1
930	2.896884023977	-3.641365235454	-7.188241207542	1
931	0.137448736166	-1.973875421964	-8.258663163936	1
932	-2.601014555093	-3.667333804007	-7.173917012275	1
933	0.662715129644	-0.812288086888	8.278186380798	1
934	5.121065743175	2.562855149859	6.116515094160	1
935	2.680477099001	7.163137556692	3.140969544621	1
936	-3.280981682768	6.648029736202	3.469793091829	1
937	-4.525167605789	1.708303094683	6.632883810160	1
938	-2.390377568596	-7.248362951832	3.404424086588	1
939	3.571912017916	-6.713887448789	3.695925622765	1
940	6.833048671398	-4.707694347651	1.788734410266	1
941	8.392681504785	0.429408814910	-0.884362949441	1
942	6.818630235414	3.460044536480	-3.457986802763	1
943	1.814252763995	6.485866947129	-4.787017795175	1
944	-2.420666175075	5.956037902730	-5.082036611966	1
945	-7.079933767416	3.091969318295	-2.623656068961	1
946	-8.109212457157	-0.655113491352	-0.840988741932	1
947	-5.987281552188	-5.065153247312	2.622624549376	1
948	-0.680471279221	-8.368761569175	-0.349241664427	1
949	2.685559823919	-6.332973201529	-4.872766657173	1
950	3.418175929094	-2.789031423882	-7.155848610126	1
951	-0.367087605112	-1.111764452953	-8.232160974243	1
952	-3.433835060047	-3.622224725855	-6.623593237994	1
953	1.163121039863	-1.676368562572	8.239765761979	1
954	5.946326224743	2.508148884417	5.555283876243	1
955	2.693076439613	7.622693515922	2.254044124608	1
956	-4.097817427216	6.606933703175	2.895825219739	1
957	-5.041636358776	0.854240347087	6.587961971511	1
958	-2.405680555662	-7.740035605774	2.535028590497	1
959	4.388294160549	-6.695065373945	3.120322742036	1
960	6.769384832489	-5.242303396240	0.947059841692	1
961	8.336724645549	0.909676503508	-1.758386065759	1
962	6.794713243110	2.870492078716	-4.264560160605	1
963	0.963413309152	6.408776441323	-5.304974799954	1
964	-2.370940081123	5.383315743324	-5.899147216794	1
965	-7.549064532047	2.210054569613	-2.622653154496	1
966	-8.055211655584	-1.166525013375	-1.697575500304	1
967	-5.423525022044	-5.889249205769	2.587588963794	1
968	-1.547530794343	-8.324951042554	-0.843898075609	1
969	2.633023727058	-5.788603639202	-5.708875911081	1
970	2.536754239170	-2.816346368548	-7.625430623363	1
971	-0.858864826271	-1.978658501155	-8.163691829762	1
972	-2.856649950953	-4.436803606415	-6.587000953751	1
973	1.644767946758	-2.542813535667	8.112374474979	1
974	6.723809459440	2.410951983431	4.934322010652	1
975	2.694450636855	8.005808511255	1.331037821292	1
976	-4.874826872527	6.506412019113	2.275035383213	1
977	-5.522250109878	-0.013565315463	6.465770688850	1
978	-2.409624830243	-8.153946600547	1.625503407510	1
979	5.165653743302	-6.619872178710	2.496653789986	1
980	6.627203218235	-5.740833189627	0.092438796434	1
981	8.196774999911	1.372491928136	-2.632831301053	1
982	6.710723208506	2.232225313631	-5.029265197354	1
983	0.100392889520	6.254202197198	-5.784814052147	1
984	-2.280233432430	4.752034954723	-6.668521867135	1
985	-7.938059148545	1.289564375840	-2.608901432659	1
986	-7.916996817998	-1.660200377697	-2.555480758539	1
987	-4.799433239883	-6.666321829830	2.510678863406	1
988	-2.415739057910	-8.196009061724	-1.322143294354	1
989	2.540114194422	-5.184364462216	-6.499434702679	1
990	1.617388706081	-2.830758566094	-8.017608537319	1
991	-1.332773397214	-2.844745607214	-8.009169504442	1
992	-2.230837226380	-5.210055185213	-6.491381031054	1
993	2.063800005915	-3.402533616436	7.816847688645	1
994	7.392198600828	2.215026947638	4.215377156210	1
995	2.689720080639	8.219130966339	0.353259780178	1
996	-5.547902798745	6.300753266003	1.563457989193	1
997	-5.932686112359	-0.881405598783	6.183116043955	1
998	-2.407776438356	-8.399801292284	0.655506558125	1
999	5.837162359647	-6.440446987764	1.776730368100	1
1000	6.324577859850	-6.169469242527	-0.760019023679	1
1001	7.891218979666	1.773719017898	-3.496940834737	1
1002	6.521714287590	1.501591629215	-5.686908539917	1
1003	-0.758972220935	5.940826212571	-6.191387265229	1
1004	-2.093700474483	4.023289206837	-7.328487319880	1
1005	-8.159381869336	0.313727714906	-2.587862587059	1
1006	-7.614514819746	-2.092140958971	-3.406012504018	1
1007	-4.077554604816	-7.337836394315	2.337169903960	1
1008	-3.275607794239	-7.904553662601	-1.743616264988	1
1009	2.352422069859	-4.479572583916	-7.184667411993	1
1010	0.642116768776	-2.836318653053	-8.242389149350	1
1011	-1.745713957958	-3.698650019843	-7.689662802306	1
1012	-1.512051465400	-5.877378768426	-6.292646063308	1
1013	0.671097712110	-2.541414345882	8.342699458290	1
1014	6.541474592185	1.707348001869	5.622201255806	1
1015	3.553186904503	7.710118080416	1.751786383961	1
1016	-4.161083501419	7.179995181669	2.078758742757	1
1017	-5.939386906761	0.838994726987	6.147792494271	1
1018	-3.267326421296	-7.843574581535	2.037783464806	1
1019	4.448643134765	-7.296577249986	2.323729944995	1
1020	6.332953032205	-6.141909070187	0.960531521236	1
1021	8.426514284417	0.398319213804	-2.613104494454	1
1022	7.386353872720	2.065445613265	-4.310204559945	1
1023	0.962025546820	5.950924649724	-6.193786570799	1
1024	-1.566539649187	5.431033440232	-6.491223441386	1
1025	-7.637478114639	1.692776503811	-3.474092745296	1
1026	-8.150721893994	-0.687023557111	-2.569717139776	1
1027	-5.475697956221	-6.494280218480	1.793305514812	1
1028	-2.409731928324	-8.412621009853	-0.345178939016	1
1029	1.827125026344	-5.857078506889	-6.296772242756	1
1030	2.039349849787	-3.680752870472	-7.699954182278	1
1031	-0.358881296448	-2.841244338944	-8.239586061975	1
1032	-2.050209544396	-4.501064897597	-7.174475996282	1
1033	1.162044940730	-3.406872060463	8.247240326803	1
1034	7.336962150925	1.627498006564	5.021994260204	1
1035	3.556935062042	8.122170861628	0.841326535881	1
1036	-4.955166868378	7.100938799692	1.476880427772	1
1037	-6.432853027754	-0.025258100470	6.055883258975	1
1038	-3.273556298293	-8.286961844824	1.142303608113	1
1039	5.242554233628	-7.242097890865	1.719268976990	1
1040	6.221738745095	-6.653145061281	0.108471776589	1
1041	8.318912380527	0.870013732518	-3.487381229072	1
1042	7.323016420697	1.445877924242	-5.092387093474	1
1043	0.101586231143	5.826698840203	-6.687102210488	1
1044	-1.493124624467	4.820895936231	-7.279244740485	1
1045	-8.057209037396	0.785741644767	-3.462932376668	1
1046	-8.043664942596	-1.189611614503	-3.427028887991	1
1047	-4.873321401413	-7.289776587516	1.734392579590	1
1048	-3.277442151457	-8.314667396747	-0.832223994397	1
1049	1.751677968583	-5.274591105084	-7.105443281719	1
1050	1.133810532375	-3.698186832933	-8.122643178919	1
1051	-0.841874831222	-3.707511145067	-8.116188593291	1
1052	-1.443626622957	-5.291796211488	-7.100079726571	1
1053	-3.272304868863	-8.468197770723	0.157406540509	1
1054	5.868742476042	-7.027557237744	0.967669063974	1
1055	7.954887551679	1.243203405652	-4.342325931077	1
1056	-0.748833012401	5.456757762562	-7.066051753691	1
1057	-8.216018811065	-0.202975235001	-3.442158329587	1
1058	-4.122986487924	-7.919854827311	1.525765555086	1
1059	1.527969805520	-4.538864632804	-7.746914225496	1
1060	0.145446083036	-3.703262582280	-8.285047471541	1
1061	-1.227273397204	-4.551995816666	-7.739884146698	1
1062	0.680633906887	-4.268990373525	8.382704054789	1
1063	7.948898775704	0.845809553043	5.109167986755	1
1064	4.417574594395	8.238668824725	0.352893809507	1
1065	-5.035654153102	7.694583097442	0.680726660635	1
1066	-7.341687378058	-0.036758342492	5.647636331545	1
1067	-4.135488667129	-8.419526407800	0.659966319257	1
1068	5.319170918272	-7.862857971381	0.943394842792	1
1069	5.816794017317	-7.563163067254	0.124490902720	1
1070	8.440348414510	0.368597488779	-4.340000952031	1
1071	7.934267520014	0.661669811185	-5.155993177545	1
1072	0.102384069717	5.401247419954	-7.587819564189	1
1073	-0.707816904058	4.890030702595	-7.888781856151	1
1074	-8.176634223309	0.283459945159	-4.315062757825	1
1075	-8.170363541815	-0.720501137700	-4.296817834010	1
1076	-4.948597826732	-7.912785857064	0.960997568918	1
1077	-4.137232791777	-8.434435933513	-0.343864076456	1
1078	0.965279673504	-5.364938288035	-7.710281919132	1
1079	0.651397190130	-4.563774592482	-8.227540829624	1
1080	-0.352609684083	-4.568570109989	-8.224222744130	1
1081	-0.658518640335	-5.373542517834	-7.707770699370	1
