0   0   31   37   1   1   
1   0   31   1063   -1   1   
2   0   37   521   1   1   
3   0   521   522   1   1   
4   0   522   1063   1   1   
5   1   32   39   1   1   
6   1   32   1064   -1   1   
7   1   39   523   1   1   
8   1   523   524   1   1   
9   1   524   1064   1   1   
10   2   33   41   1   1   
11   2   33   1065   -1   1   
12   2   41   525   1   1   
13   2   525   526   1   1   
14   2   526   1065   1   1   
15   3   34   43   1   1   
16   3   34   1066   -1   1   
17   3   43   527   1   1   
18   3   527   528   1   1   
19   3   528   1066   1   1   
20   4   35   45   1   1   
21   4   35   1062   -1   1   
22   4   45   519   1   1   
23   4   519   520   1   1   
24   4   520   1062   1   1   
25   5   36   529   1   1   
26   5   36   1068   -1   1   
27   5   529   530   1   1   
28   5   530   1069   1   1   
29   5   1068   1069   -1   1   
30   6   38   47   1   1   
31   6   38   1070   -1   1   
32   6   47   531   1   1   
33   6   531   1071   1   1   
34   6   1070   1071   -1   1   
35   7   40   48   1   1   
36   7   40   1072   -1   1   
37   7   48   532   1   1   
38   7   532   1073   1   1   
39   7   1072   1073   -1   1   
40   8   42   49   1   1   
41   8   42   1074   -1   1   
42   8   49   533   1   1   
43   8   533   1075   1   1   
44   8   1074   1075   -1   1   
45   9   44   50   1   1   
46   9   44   1076   -1   1   
47   9   50   1077   1   1   
48   9   1067   1076   1   1   
49   9   1067   1077   -1   1   
50   10   46   1078   -1   1   
51   10   46   1081   1   1   
52   10   1078   1079   -1   1   
53   10   1079   1080   -1   1   
54   10   1080   1081   -1   1   
55   11   31   91   -1   1   
56   11   31   1063   1   1   
57   11   71   91   1   1   
58   11   71   1014   -1   1   
59   11   1014   1034   -1   1   
60   11   1034   1063   -1   1   
61   12   32   92   -1   1   
62   12   32   1064   1   1   
63   12   72   92   1   1   
64   12   72   1015   -1   1   
65   12   1015   1035   -1   1   
66   12   1035   1064   -1   1   
67   13   33   93   -1   1   
68   13   33   1065   1   1   
69   13   73   93   1   1   
70   13   73   1016   -1   1   
71   13   1016   1036   -1   1   
72   13   1036   1065   -1   1   
73   14   34   94   -1   1   
74   14   34   1066   1   1   
75   14   74   94   1   1   
76   14   74   1017   -1   1   
77   14   1017   1037   -1   1   
78   14   1037   1066   -1   1   
79   15   35   95   -1   1   
80   15   35   1062   1   1   
81   15   75   95   1   1   
82   15   75   1013   -1   1   
83   15   1013   1033   -1   1   
84   15   1033   1062   -1   1   
85   16   36   96   -1   1   
86   16   36   1068   1   1   
87   16   76   96   1   1   
88   16   76   1019   -1   1   
89   16   1019   1039   -1   1   
90   16   1039   1068   -1   1   
91   17   31   37   -1   1   
92   17   31   91   1   1   
93   17   37   97   -1   1   
94   17   77   97   1   1   
95   17   77   202   -1   1   
96   17   91   202   1   1   
97   18   38   98   -1   1   
98   18   38   1070   1   1   
99   18   78   98   1   1   
100   18   78   1021   -1   1   
101   18   1021   1041   -1   1   
102   18   1041   1070   -1   1   
103   19   32   39   -1   1   
104   19   32   92   1   1   
105   19   39   99   -1   1   
106   19   79   99   1   1   
107   19   79   203   -1   1   
108   19   92   203   1   1   
109   20   40   100   -1   1   
110   20   40   1072   1   1   
111   20   80   100   1   1   
112   20   80   1023   -1   1   
113   20   1023   1043   -1   1   
114   20   1043   1072   -1   1   
115   21   33   41   -1   1   
116   21   33   93   1   1   
117   21   41   101   -1   1   
118   21   81   101   1   1   
119   21   81   204   -1   1   
120   21   93   204   1   1   
121   22   42   102   -1   1   
122   22   42   1074   1   1   
123   22   82   102   1   1   
124   22   82   1025   -1   1   
125   22   1025   1045   -1   1   
126   22   1045   1074   -1   1   
127   23   34   43   -1   1   
128   23   34   94   1   1   
129   23   43   103   -1   1   
130   23   83   103   1   1   
131   23   83   205   -1   1   
132   23   94   205   1   1   
133   24   44   104   -1   1   
134   24   44   1076   1   1   
135   24   84   104   1   1   
136   24   84   1027   -1   1   
137   24   1027   1047   -1   1   
138   24   1047   1076   -1   1   
139   25   35   45   -1   1   
140   25   35   95   1   1   
141   25   45   105   -1   1   
142   25   85   105   1   1   
143   25   85   206   -1   1   
144   25   95   206   1   1   
145   26   46   106   -1   1   
146   26   46   1078   1   1   
147   26   86   106   1   1   
148   26   86   1029   -1   1   
149   26   1029   1049   -1   1   
150   26   1049   1078   -1   1   
151   27   38   47   -1   1   
152   27   38   98   1   1   
153   27   47   107   -1   1   
154   27   87   107   1   1   
155   27   87   209   -1   1   
156   27   98   209   1   1   
157   28   40   48   -1   1   
158   28   40   100   1   1   
159   28   48   108   -1   1   
160   28   88   108   1   1   
161   28   88   211   -1   1   
162   28   100   211   1   1   
163   29   42   49   -1   1   
164   29   42   102   1   1   
165   29   49   109   -1   1   
166   29   89   109   1   1   
167   29   89   213   -1   1   
168   29   102   213   1   1   
169   30   44   50   -1   1   
170   30   44   104   1   1   
171   30   50   110   -1   1   
172   30   90   110   1   1   
173   30   90   215   -1   1   
174   30   104   215   1   1   
175   36   96   111   1   1   
176   36   111   529   1   1   
177   37   97   112   1   1   
178   37   112   521   1   1   
179   39   99   113   1   1   
180   39   113   523   1   1   
181   41   101   114   1   1   
182   41   114   525   1   1   
183   43   103   115   1   1   
184   43   115   527   1   1   
185   45   105   116   1   1   
186   45   116   519   1   1   
187   46   106   117   1   1   
188   46   117   1081   1   1   
189   47   107   118   1   1   
190   47   118   531   1   1   
191   48   108   119   1   1   
192   48   119   532   1   1   
193   49   109   120   1   1   
194   49   120   533   1   1   
195   50   110   121   1   1   
196   50   121   1077   1   1   
197   51   71   162   -1   1   
198   51   71   1014   1   1   
199   51   142   162   1   1   
200   51   142   934   -1   1   
201   51   934   954   -1   1   
202   51   954   1014   -1   1   
203   52   72   163   -1   1   
204   52   72   1015   1   1   
205   52   143   163   1   1   
206   52   143   935   -1   1   
207   52   935   955   -1   1   
208   52   955   1015   -1   1   
209   53   73   164   -1   1   
210   53   73   1016   1   1   
211   53   144   164   1   1   
212   53   144   936   -1   1   
213   53   936   956   -1   1   
214   53   956   1016   -1   1   
215   54   74   165   -1   1   
216   54   74   1017   1   1   
217   54   145   165   1   1   
218   54   145   937   -1   1   
219   54   937   957   -1   1   
220   54   957   1017   -1   1   
221   55   75   166   -1   1   
222   55   75   1013   1   1   
223   55   146   166   1   1   
224   55   146   933   -1   1   
225   55   933   953   -1   1   
226   55   953   1013   -1   1   
227   56   76   167   -1   1   
228   56   76   1019   1   1   
229   56   147   167   1   1   
230   56   147   939   -1   1   
231   56   939   959   -1   1   
232   56   959   1019   -1   1   
233   57   77   168   -1   1   
234   57   77   202   1   1   
235   57   148   168   1   1   
236   57   148   493   -1   1   
237   57   202   322   1   1   
238   57   322   493   1   1   
239   58   78   169   -1   1   
240   58   78   1021   1   1   
241   58   149   169   1   1   
242   58   149   941   -1   1   
243   58   941   961   -1   1   
244   58   961   1021   -1   1   
245   59   79   170   -1   1   
246   59   79   203   1   1   
247   59   150   170   1   1   
248   59   150   494   -1   1   
249   59   203   323   1   1   
250   59   323   494   1   1   
251   60   80   171   -1   1   
252   60   80   1023   1   1   
253   60   151   171   1   1   
254   60   151   943   -1   1   
255   60   943   963   -1   1   
256   60   963   1023   -1   1   
257   61   81   172   -1   1   
258   61   81   204   1   1   
259   61   152   172   1   1   
260   61   152   495   -1   1   
261   61   204   324   1   1   
262   61   324   495   1   1   
263   62   82   173   -1   1   
264   62   82   1025   1   1   
265   62   153   173   1   1   
266   62   153   945   -1   1   
267   62   945   965   -1   1   
268   62   965   1025   -1   1   
269   63   83   174   -1   1   
270   63   83   205   1   1   
271   63   154   174   1   1   
272   63   154   496   -1   1   
273   63   205   325   1   1   
274   63   325   496   1   1   
275   64   84   175   -1   1   
276   64   84   1027   1   1   
277   64   155   175   1   1   
278   64   155   947   -1   1   
279   64   947   967   -1   1   
280   64   967   1027   -1   1   
281   65   85   176   -1   1   
282   65   85   206   1   1   
283   65   156   176   1   1   
284   65   156   497   -1   1   
285   65   206   326   1   1   
286   65   326   497   1   1   
287   66   86   177   -1   1   
288   66   86   1029   1   1   
289   66   157   177   1   1   
290   66   157   949   -1   1   
291   66   949   969   -1   1   
292   66   969   1029   -1   1   
293   67   87   178   -1   1   
294   67   87   209   1   1   
295   67   158   178   1   1   
296   67   158   500   -1   1   
297   67   209   329   1   1   
298   67   329   500   1   1   
299   68   88   179   -1   1   
300   68   88   211   1   1   
301   68   159   179   1   1   
302   68   159   502   -1   1   
303   68   211   331   1   1   
304   68   331   502   1   1   
305   69   89   180   -1   1   
306   69   89   213   1   1   
307   69   160   180   1   1   
308   69   160   504   -1   1   
309   69   213   333   1   1   
310   69   333   504   1   1   
311   70   90   181   -1   1   
312   70   90   215   1   1   
313   70   161   181   1   1   
314   70   161   506   -1   1   
315   70   215   335   1   1   
316   70   335   506   1   1   
317   71   91   182   -1   1   
318   71   162   182   1   1   
319   72   92   183   -1   1   
320   72   163   183   1   1   
321   73   93   184   -1   1   
322   73   164   184   1   1   
323   74   94   185   -1   1   
324   74   165   185   1   1   
325   75   95   186   -1   1   
326   75   166   186   1   1   
327   76   96   187   -1   1   
328   76   167   187   1   1   
329   77   97   188   -1   1   
330   77   168   188   1   1   
331   78   98   189   -1   1   
332   78   169   189   1   1   
333   79   99   190   -1   1   
334   79   170   190   1   1   
335   80   100   191   -1   1   
336   80   171   191   1   1   
337   81   101   192   -1   1   
338   81   172   192   1   1   
339   82   102   193   -1   1   
340   82   173   193   1   1   
341   83   103   194   -1   1   
342   83   174   194   1   1   
343   84   104   195   -1   1   
344   84   175   195   1   1   
345   85   105   196   -1   1   
346   85   176   196   1   1   
347   86   106   197   -1   1   
348   86   177   197   1   1   
349   87   107   198   -1   1   
350   87   178   198   1   1   
351   88   108   199   -1   1   
352   88   179   199   1   1   
353   89   109   200   -1   1   
354   89   180   200   1   1   
355   90   110   201   -1   1   
356   90   181   201   1   1   
357   91   182   202   1   1   
358   92   183   203   1   1   
359   93   184   204   1   1   
360   94   185   205   1   1   
361   95   186   206   1   1   
362   96   111   207   -1   1   
363   96   187   207   1   1   
364   97   112   208   -1   1   
365   97   188   208   1   1   
366   98   189   209   1   1   
367   99   113   210   -1   1   
368   99   190   210   1   1   
369   100   191   211   1   1   
370   101   114   212   -1   1   
371   101   192   212   1   1   
372   102   193   213   1   1   
373   103   115   214   -1   1   
374   103   194   214   1   1   
375   104   195   215   1   1   
376   105   116   216   -1   1   
377   105   196   216   1   1   
378   106   117   217   -1   1   
379   106   197   217   1   1   
380   107   118   218   -1   1   
381   107   198   218   1   1   
382   108   119   219   -1   1   
383   108   199   219   1   1   
384   109   120   220   -1   1   
385   109   200   220   1   1   
386   110   121   221   -1   1   
387   110   201   221   1   1   
388   111   207   699   1   1   
389   111   529   549   -1   1   
390   111   549   699   -1   1   
391   112   208   691   1   1   
392   112   521   541   -1   1   
393   112   541   691   -1   1   
394   113   210   693   1   1   
395   113   523   543   -1   1   
396   113   543   693   -1   1   
397   114   212   695   1   1   
398   114   525   545   -1   1   
399   114   545   695   -1   1   
400   115   214   697   1   1   
401   115   527   547   -1   1   
402   115   547   697   -1   1   
403   116   216   689   1   1   
404   116   519   539   -1   1   
405   116   539   689   -1   1   
406   117   217   1012   1   1   
407   117   1012   1052   1   1   
408   117   1052   1081   1   1   
409   118   218   701   1   1   
410   118   531   551   -1   1   
411   118   551   701   -1   1   
412   119   219   702   1   1   
413   119   532   552   -1   1   
414   119   552   702   -1   1   
415   120   220   703   1   1   
416   120   533   553   -1   1   
417   120   553   703   -1   1   
418   121   221   1008   1   1   
419   121   1008   1048   1   1   
420   121   1048   1077   1   1   
421   122   142   262   -1   1   
422   122   142   934   1   1   
423   122   242   262   1   1   
424   122   242   825   -1   1   
425   122   825   845   -1   1   
426   122   845   934   -1   1   
427   123   143   263   -1   1   
428   123   143   935   1   1   
429   123   243   263   1   1   
430   123   243   826   -1   1   
431   123   826   846   -1   1   
432   123   846   935   -1   1   
433   124   144   264   -1   1   
434   124   144   936   1   1   
435   124   244   264   1   1   
436   124   244   827   -1   1   
437   124   827   847   -1   1   
438   124   847   936   -1   1   
439   125   145   265   -1   1   
440   125   145   937   1   1   
441   125   245   265   1   1   
442   125   245   828   -1   1   
443   125   828   848   -1   1   
444   125   848   937   -1   1   
445   126   146   266   -1   1   
446   126   146   933   1   1   
447   126   246   266   1   1   
448   126   246   824   -1   1   
449   126   824   844   -1   1   
450   126   844   933   -1   1   
451   127   147   267   -1   1   
452   127   147   939   1   1   
453   127   247   267   1   1   
454   127   247   830   -1   1   
455   127   830   850   -1   1   
456   127   850   939   -1   1   
457   128   148   268   -1   1   
458   128   148   493   1   1   
459   128   248   268   1   1   
460   128   248   804   -1   1   
461   128   493   654   1   1   
462   128   654   804   1   1   
463   129   149   269   -1   1   
464   129   149   941   1   1   
465   129   249   269   1   1   
466   129   249   832   -1   1   
467   129   832   852   -1   1   
468   129   852   941   -1   1   
469   130   150   270   -1   1   
470   130   150   494   1   1   
471   130   250   270   1   1   
472   130   250   805   -1   1   
473   130   494   655   1   1   
474   130   655   805   1   1   
475   131   151   271   -1   1   
476   131   151   943   1   1   
477   131   251   271   1   1   
478   131   251   834   -1   1   
479   131   834   854   -1   1   
480   131   854   943   -1   1   
481   132   152   272   -1   1   
482   132   152   495   1   1   
483   132   252   272   1   1   
484   132   252   806   -1   1   
485   132   495   656   1   1   
486   132   656   806   1   1   
487   133   153   273   -1   1   
488   133   153   945   1   1   
489   133   253   273   1   1   
490   133   253   836   -1   1   
491   133   836   856   -1   1   
492   133   856   945   -1   1   
493   134   154   274   -1   1   
494   134   154   496   1   1   
495   134   254   274   1   1   
496   134   254   807   -1   1   
497   134   496   657   1   1   
498   134   657   807   1   1   
499   135   155   275   -1   1   
500   135   155   947   1   1   
501   135   255   275   1   1   
502   135   255   838   -1   1   
503   135   838   858   -1   1   
504   135   858   947   -1   1   
505   136   156   276   -1   1   
506   136   156   497   1   1   
507   136   256   276   1   1   
508   136   256   808   -1   1   
509   136   497   658   1   1   
510   136   658   808   1   1   
511   137   157   277   -1   1   
512   137   157   949   1   1   
513   137   257   277   1   1   
514   137   257   840   -1   1   
515   137   840   860   -1   1   
516   137   860   949   -1   1   
517   138   158   278   -1   1   
518   138   158   500   1   1   
519   138   258   278   1   1   
520   138   258   811   -1   1   
521   138   500   661   1   1   
522   138   661   811   1   1   
523   139   159   279   -1   1   
524   139   159   502   1   1   
525   139   259   279   1   1   
526   139   259   813   -1   1   
527   139   502   663   1   1   
528   139   663   813   1   1   
529   140   160   280   -1   1   
530   140   160   504   1   1   
531   140   260   280   1   1   
532   140   260   815   -1   1   
533   140   504   665   1   1   
534   140   665   815   1   1   
535   141   161   281   -1   1   
536   141   161   506   1   1   
537   141   261   281   1   1   
538   141   261   817   -1   1   
539   141   506   667   1   1   
540   141   667   817   1   1   
541   142   162   282   -1   1   
542   142   262   282   1   1   
543   143   163   283   -1   1   
544   143   263   283   1   1   
545   144   164   284   -1   1   
546   144   264   284   1   1   
547   145   165   285   -1   1   
548   145   265   285   1   1   
549   146   166   286   -1   1   
550   146   266   286   1   1   
551   147   167   287   -1   1   
552   147   267   287   1   1   
553   148   168   288   -1   1   
554   148   268   288   1   1   
555   149   169   289   -1   1   
556   149   269   289   1   1   
557   150   170   290   -1   1   
558   150   270   290   1   1   
559   151   171   291   -1   1   
560   151   271   291   1   1   
561   152   172   292   -1   1   
562   152   272   292   1   1   
563   153   173   293   -1   1   
564   153   273   293   1   1   
565   154   174   294   -1   1   
566   154   274   294   1   1   
567   155   175   295   -1   1   
568   155   275   295   1   1   
569   156   176   296   -1   1   
570   156   276   296   1   1   
571   157   177   297   -1   1   
572   157   277   297   1   1   
573   158   178   298   -1   1   
574   158   278   298   1   1   
575   159   179   299   -1   1   
576   159   279   299   1   1   
577   160   180   300   -1   1   
578   160   280   300   1   1   
579   161   181   301   -1   1   
580   161   281   301   1   1   
581   162   182   302   -1   1   
582   162   282   302   1   1   
583   163   183   303   -1   1   
584   163   283   303   1   1   
585   164   184   304   -1   1   
586   164   284   304   1   1   
587   165   185   305   -1   1   
588   165   285   305   1   1   
589   166   186   306   -1   1   
590   166   286   306   1   1   
591   167   187   307   -1   1   
592   167   287   307   1   1   
593   168   188   308   -1   1   
594   168   288   308   1   1   
595   169   189   309   -1   1   
596   169   289   309   1   1   
597   170   190   310   -1   1   
598   170   290   310   1   1   
599   171   191   311   -1   1   
600   171   291   311   1   1   
601   172   192   312   -1   1   
602   172   292   312   1   1   
603   173   193   313   -1   1   
604   173   293   313   1   1   
605   174   194   314   -1   1   
606   174   294   314   1   1   
607   175   195   315   -1   1   
608   175   295   315   1   1   
609   176   196   316   -1   1   
610   176   296   316   1   1   
611   177   197   317   -1   1   
612   177   297   317   1   1   
613   178   198   318   -1   1   
614   178   298   318   1   1   
615   179   199   319   -1   1   
616   179   299   319   1   1   
617   180   200   320   -1   1   
618   180   300   320   1   1   
619   181   201   321   -1   1   
620   181   301   321   1   1   
621   182   202   322   -1   1   
622   182   302   322   1   1   
623   183   203   323   -1   1   
624   183   303   323   1   1   
625   184   204   324   -1   1   
626   184   304   324   1   1   
627   185   205   325   -1   1   
628   185   305   325   1   1   
629   186   206   326   -1   1   
630   186   306   326   1   1   
631   187   207   327   -1   1   
632   187   307   327   1   1   
633   188   208   328   -1   1   
634   188   308   328   1   1   
635   189   209   329   -1   1   
636   189   309   329   1   1   
637   190   210   330   -1   1   
638   190   310   330   1   1   
639   191   211   331   -1   1   
640   191   311   331   1   1   
641   192   212   332   -1   1   
642   192   312   332   1   1   
643   193   213   333   -1   1   
644   193   313   333   1   1   
645   194   214   334   -1   1   
646   194   314   334   1   1   
647   195   215   335   -1   1   
648   195   315   335   1   1   
649   196   216   336   -1   1   
650   196   316   336   1   1   
651   197   217   337   -1   1   
652   197   317   337   1   1   
653   198   218   338   -1   1   
654   198   318   338   1   1   
655   199   219   339   -1   1   
656   199   319   339   1   1   
657   200   220   340   -1   1   
658   200   320   340   1   1   
659   201   221   341   -1   1   
660   201   321   341   1   1   
661   207   327   342   1   1   
662   207   342   699   1   1   
663   208   328   343   1   1   
664   208   343   691   1   1   
665   210   330   344   1   1   
666   210   344   693   1   1   
667   212   332   345   1   1   
668   212   345   695   1   1   
669   214   334   346   1   1   
670   214   346   697   1   1   
671   216   336   347   1   1   
672   216   347   689   1   1   
673   217   337   348   1   1   
674   217   348   1012   1   1   
675   218   338   349   1   1   
676   218   349   701   1   1   
677   219   339   350   1   1   
678   219   350   702   1   1   
679   220   340   351   1   1   
680   220   351   703   1   1   
681   221   341   352   1   1   
682   221   352   1008   1   1   
683   222   242   393   -1   1   
684   222   242   825   1   1   
685   222   373   393   1   1   
686   222   373   685   -1   1   
687   222   685   705   -1   1   
688   222   705   825   -1   1   
689   223   243   394   -1   1   
690   223   243   826   1   1   
691   223   374   394   1   1   
692   223   374   686   -1   1   
693   223   686   706   -1   1   
694   223   706   826   -1   1   
695   224   244   395   -1   1   
696   224   244   827   1   1   
697   224   375   395   1   1   
698   224   375   687   -1   1   
699   224   687   707   -1   1   
700   224   707   827   -1   1   
701   225   245   396   -1   1   
702   225   245   828   1   1   
703   225   376   396   1   1   
704   225   376   688   -1   1   
705   225   688   708   -1   1   
706   225   708   828   -1   1   
707   226   246   397   -1   1   
708   226   246   824   1   1   
709   226   377   397   1   1   
710   226   377   684   -1   1   
711   226   684   704   -1   1   
712   226   704   824   -1   1   
713   227   247   398   -1   1   
714   227   247   830   1   1   
715   227   378   398   1   1   
716   227   378   690   -1   1   
717   227   690   710   -1   1   
718   227   710   830   -1   1   
719   228   248   399   -1   1   
720   228   248   804   1   1   
721   228   379   399   1   1   
722   228   379   993   -1   1   
723   228   804   904   1   1   
724   228   904   993   1   1   
725   229   249   400   -1   1   
726   229   249   832   1   1   
727   229   380   400   1   1   
728   229   380   692   -1   1   
729   229   692   712   -1   1   
730   229   712   832   -1   1   
731   230   250   401   -1   1   
732   230   250   805   1   1   
733   230   381   401   1   1   
734   230   381   994   -1   1   
735   230   805   905   1   1   
736   230   905   994   1   1   
737   231   251   402   -1   1   
738   231   251   834   1   1   
739   231   382   402   1   1   
740   231   382   694   -1   1   
741   231   694   714   -1   1   
742   231   714   834   -1   1   
743   232   252   403   -1   1   
744   232   252   806   1   1   
745   232   383   403   1   1   
746   232   383   995   -1   1   
747   232   806   906   1   1   
748   232   906   995   1   1   
749   233   253   404   -1   1   
750   233   253   836   1   1   
751   233   384   404   1   1   
752   233   384   696   -1   1   
753   233   696   716   -1   1   
754   233   716   836   -1   1   
755   234   254   405   -1   1   
756   234   254   807   1   1   
757   234   385   405   1   1   
758   234   385   996   -1   1   
759   234   807   907   1   1   
760   234   907   996   1   1   
761   235   255   406   -1   1   
762   235   255   838   1   1   
763   235   386   406   1   1   
764   235   386   698   -1   1   
765   235   698   718   -1   1   
766   235   718   838   -1   1   
767   236   256   407   -1   1   
768   236   256   808   1   1   
769   236   387   407   1   1   
770   236   387   997   -1   1   
771   236   808   908   1   1   
772   236   908   997   1   1   
773   237   257   408   -1   1   
774   237   257   840   1   1   
775   237   388   408   1   1   
776   237   388   700   -1   1   
777   237   700   720   -1   1   
778   237   720   840   -1   1   
779   238   258   409   -1   1   
780   238   258   811   1   1   
781   238   389   409   1   1   
782   238   389   1000   -1   1   
783   238   811   911   1   1   
784   238   911   1000   1   1   
785   239   259   410   -1   1   
786   239   259   813   1   1   
787   239   390   410   1   1   
788   239   390   1002   -1   1   
789   239   813   913   1   1   
790   239   913   1002   1   1   
791   240   260   411   -1   1   
792   240   260   815   1   1   
793   240   391   411   1   1   
794   240   391   1004   -1   1   
795   240   815   915   1   1   
796   240   915   1004   1   1   
797   241   261   412   -1   1   
798   241   261   817   1   1   
799   241   392   412   1   1   
800   241   392   1006   -1   1   
801   241   817   917   1   1   
802   241   917   1006   1   1   
803   242   262   413   -1   1   
804   242   393   413   1   1   
805   243   263   414   -1   1   
806   243   394   414   1   1   
807   244   264   415   -1   1   
808   244   395   415   1   1   
809   245   265   416   -1   1   
810   245   396   416   1   1   
811   246   266   417   -1   1   
812   246   397   417   1   1   
813   247   267   418   -1   1   
814   247   398   418   1   1   
815   248   268   419   -1   1   
816   248   399   419   1   1   
817   249   269   420   -1   1   
818   249   400   420   1   1   
819   250   270   421   -1   1   
820   250   401   421   1   1   
821   251   271   422   -1   1   
822   251   402   422   1   1   
823   252   272   423   -1   1   
824   252   403   423   1   1   
825   253   273   424   -1   1   
826   253   404   424   1   1   
827   254   274   425   -1   1   
828   254   405   425   1   1   
829   255   275   426   -1   1   
830   255   406   426   1   1   
831   256   276   427   -1   1   
832   256   407   427   1   1   
833   257   277   428   -1   1   
834   257   408   428   1   1   
835   258   278   429   -1   1   
836   258   409   429   1   1   
837   259   279   430   -1   1   
838   259   410   430   1   1   
839   260   280   431   -1   1   
840   260   411   431   1   1   
841   261   281   432   -1   1   
842   261   412   432   1   1   
843   262   282   433   -1   1   
844   262   413   433   1   1   
845   263   283   434   -1   1   
846   263   414   434   1   1   
847   264   284   435   -1   1   
848   264   415   435   1   1   
849   265   285   436   -1   1   
850   265   416   436   1   1   
851   266   286   437   -1   1   
852   266   417   437   1   1   
853   267   287   438   -1   1   
854   267   418   438   1   1   
855   268   288   439   -1   1   
856   268   419   439   1   1   
857   269   289   440   -1   1   
858   269   420   440   1   1   
859   270   290   441   -1   1   
860   270   421   441   1   1   
861   271   291   442   -1   1   
862   271   422   442   1   1   
863   272   292   443   -1   1   
864   272   423   443   1   1   
865   273   293   444   -1   1   
866   273   424   444   1   1   
867   274   294   445   -1   1   
868   274   425   445   1   1   
869   275   295   446   -1   1   
870   275   426   446   1   1   
871   276   296   447   -1   1   
872   276   427   447   1   1   
873   277   297   448   -1   1   
874   277   428   448   1   1   
875   278   298   449   -1   1   
876   278   429   449   1   1   
877   279   299   450   -1   1   
878   279   430   450   1   1   
879   280   300   451   -1   1   
880   280   431   451   1   1   
881   281   301   452   -1   1   
882   281   432   452   1   1   
883   282   302   453   -1   1   
884   282   433   453   1   1   
885   283   303   454   -1   1   
886   283   434   454   1   1   
887   284   304   455   -1   1   
888   284   435   455   1   1   
889   285   305   456   -1   1   
890   285   436   456   1   1   
891   286   306   457   -1   1   
892   286   437   457   1   1   
893   287   307   458   -1   1   
894   287   438   458   1   1   
895   288   308   459   -1   1   
896   288   439   459   1   1   
897   289   309   460   -1   1   
898   289   440   460   1   1   
899   290   310   461   -1   1   
900   290   441   461   1   1   
901   291   311   462   -1   1   
902   291   442   462   1   1   
903   292   312   463   -1   1   
904   292   443   463   1   1   
905   293   313   464   -1   1   
906   293   444   464   1   1   
907   294   314   465   -1   1   
908   294   445   465   1   1   
909   295   315   466   -1   1   
910   295   446   466   1   1   
911   296   316   467   -1   1   
912   296   447   467   1   1   
913   297   317   468   -1   1   
914   297   448   468   1   1   
915   298   318   469   -1   1   
916   298   449   469   1   1   
917   299   319   470   -1   1   
918   299   450   470   1   1   
919   300   320   471   -1   1   
920   300   451   471   1   1   
921   301   321   472   -1   1   
922   301   452   472   1   1   
923   302   322   473   -1   1   
924   302   453   473   1   1   
925   303   323   474   -1   1   
926   303   454   474   1   1   
927   304   324   475   -1   1   
928   304   455   475   1   1   
929   305   325   476   -1   1   
930   305   456   476   1   1   
931   306   326   477   -1   1   
932   306   457   477   1   1   
933   307   327   478   -1   1   
934   307   458   478   1   1   
935   308   328   479   -1   1   
936   308   459   479   1   1   
937   309   329   480   -1   1   
938   309   460   480   1   1   
939   310   330   481   -1   1   
940   310   461   481   1   1   
941   311   331   482   -1   1   
942   311   462   482   1   1   
943   312   332   483   -1   1   
944   312   463   483   1   1   
945   313   333   484   -1   1   
946   313   464   484   1   1   
947   314   334   485   -1   1   
948   314   465   485   1   1   
949   315   335   486   -1   1   
950   315   466   486   1   1   
951   316   336   487   -1   1   
952   316   467   487   1   1   
953   317   337   488   -1   1   
954   317   468   488   1   1   
955   318   338   489   -1   1   
956   318   469   489   1   1   
957   319   339   490   -1   1   
958   319   470   490   1   1   
959   320   340   491   -1   1   
960   320   471   491   1   1   
961   321   341   492   -1   1   
962   321   472   492   1   1   
963   322   473   493   1   1   
964   323   474   494   1   1   
965   324   475   495   1   1   
966   325   476   496   1   1   
967   326   477   497   1   1   
968   327   342   498   -1   1   
969   327   478   498   1   1   
970   328   343   499   -1   1   
971   328   479   499   1   1   
972   329   480   500   1   1   
973   330   344   501   -1   1   
974   330   481   501   1   1   
975   331   482   502   1   1   
976   332   345   503   -1   1   
977   332   483   503   1   1   
978   333   484   504   1   1   
979   334   346   505   -1   1   
980   334   485   505   1   1   
981   335   486   506   1   1   
982   336   347   507   -1   1   
983   336   487   507   1   1   
984   337   348   508   -1   1   
985   337   488   508   1   1   
986   338   349   509   -1   1   
987   338   489   509   1   1   
988   339   350   510   -1   1   
989   339   490   510   1   1   
990   340   351   511   -1   1   
991   340   491   511   1   1   
992   341   352   512   -1   1   
993   341   492   512   1   1   
994   342   498   839   1   1   
995   342   699   719   -1   1   
996   342   719   839   -1   1   
997   343   499   831   1   1   
998   343   691   711   -1   1   
999   343   711   831   -1   1   
1000   344   501   833   1   1   
1001   344   693   713   -1   1   
1002   344   713   833   -1   1   
1003   345   503   835   1   1   
1004   345   695   715   -1   1   
1005   345   715   835   -1   1   
1006   346   505   837   1   1   
1007   346   697   717   -1   1   
1008   346   717   837   -1   1   
1009   347   507   829   1   1   
1010   347   689   709   -1   1   
1011   347   709   829   -1   1   
1012   348   508   823   1   1   
1013   348   823   923   1   1   
1014   348   923   1012   1   1   
1015   349   509   841   1   1   
1016   349   701   721   -1   1   
1017   349   721   841   -1   1   
1018   350   510   842   1   1   
1019   350   702   722   -1   1   
1020   350   722   842   -1   1   
1021   351   511   843   1   1   
1022   351   703   723   -1   1   
1023   351   723   843   -1   1   
1024   352   512   819   1   1   
1025   352   819   919   1   1   
1026   352   919   1008   1   1   
1027   353   373   534   -1   1   
1028   353   373   685   1   1   
1029   353   514   515   -1   1   
1030   353   514   534   1   1   
1031   353   515   535   -1   1   
1032   353   535   685   -1   1   
1033   354   374   535   -1   1   
1034   354   374   686   1   1   
1035   354   515   516   -1   1   
1036   354   515   535   1   1   
1037   354   516   536   -1   1   
1038   354   536   686   -1   1   
1039   355   375   536   -1   1   
1040   355   375   687   1   1   
1041   355   516   517   -1   1   
1042   355   516   536   1   1   
1043   355   517   537   -1   1   
1044   355   537   687   -1   1   
1045   356   376   537   -1   1   
1046   356   376   688   1   1   
1047   356   517   518   -1   1   
1048   356   517   537   1   1   
1049   356   518   538   -1   1   
1050   356   538   688   -1   1   
1051   357   377   538   -1   1   
1052   357   377   684   1   1   
1053   357   514   518   1   1   
1054   357   514   534   -1   1   
1055   357   518   538   1   1   
1056   357   534   684   -1   1   
1057   358   378   539   -1   1   
1058   358   378   690   1   1   
1059   358   519   520   -1   1   
1060   358   519   539   1   1   
1061   358   520   540   -1   1   
1062   358   540   690   -1   1   
1063   359   379   540   -1   1   
1064   359   379   993   1   1   
1065   359   520   540   1   1   
1066   359   520   1062   -1   1   
1067   359   993   1033   1   1   
1068   359   1033   1062   1   1   
1069   360   380   541   -1   1   
1070   360   380   692   1   1   
1071   360   521   522   -1   1   
1072   360   521   541   1   1   
1073   360   522   542   -1   1   
1074   360   542   692   -1   1   
1075   361   381   542   -1   1   
1076   361   381   994   1   1   
1077   361   522   542   1   1   
1078   361   522   1063   -1   1   
1079   361   994   1034   1   1   
1080   361   1034   1063   1   1   
1081   362   382   543   -1   1   
1082   362   382   694   1   1   
1083   362   523   524   -1   1   
1084   362   523   543   1   1   
1085   362   524   544   -1   1   
1086   362   544   694   -1   1   
1087   363   383   544   -1   1   
1088   363   383   995   1   1   
1089   363   524   544   1   1   
1090   363   524   1064   -1   1   
1091   363   995   1035   1   1   
1092   363   1035   1064   1   1   
1093   364   384   545   -1   1   
1094   364   384   696   1   1   
1095   364   525   526   -1   1   
1096   364   525   545   1   1   
1097   364   526   546   -1   1   
1098   364   546   696   -1   1   
1099   365   385   546   -1   1   
1100   365   385   996   1   1   
1101   365   526   546   1   1   
1102   365   526   1065   -1   1   
1103   365   996   1036   1   1   
1104   365   1036   1065   1   1   
1105   366   386   547   -1   1   
1106   366   386   698   1   1   
1107   366   527   528   -1   1   
1108   366   527   547   1   1   
1109   366   528   548   -1   1   
1110   366   548   698   -1   1   
1111   367   387   548   -1   1   
1112   367   387   997   1   1   
1113   367   528   548   1   1   
1114   367   528   1066   -1   1   
1115   367   997   1037   1   1   
1116   367   1037   1066   1   1   
1117   368   388   549   -1   1   
1118   368   388   700   1   1   
1119   368   529   530   -1   1   
1120   368   529   549   1   1   
1121   368   530   550   -1   1   
1122   368   550   700   -1   1   
1123   369   389   550   -1   1   
1124   369   389   1000   1   1   
1125   369   530   550   1   1   
1126   369   530   1069   -1   1   
1127   369   1000   1040   1   1   
1128   369   1040   1069   1   1   
1129   370   390   551   -1   1   
1130   370   390   1002   1   1   
1131   370   531   551   1   1   
1132   370   531   1071   -1   1   
1133   370   1002   1042   1   1   
1134   370   1042   1071   1   1   
1135   371   391   552   -1   1   
1136   371   391   1004   1   1   
1137   371   532   552   1   1   
1138   371   532   1073   -1   1   
1139   371   1004   1044   1   1   
1140   371   1044   1073   1   1   
1141   372   392   553   -1   1   
1142   372   392   1006   1   1   
1143   372   533   553   1   1   
1144   372   533   1075   -1   1   
1145   372   1006   1046   1   1   
1146   372   1046   1075   1   1   
1147   373   393   554   -1   1   
1148   373   534   554   1   1   
1149   374   394   555   -1   1   
1150   374   535   555   1   1   
1151   375   395   556   -1   1   
1152   375   536   556   1   1   
1153   376   396   557   -1   1   
1154   376   537   557   1   1   
1155   377   397   558   -1   1   
1156   377   538   558   1   1   
1157   378   398   559   -1   1   
1158   378   539   559   1   1   
1159   379   399   560   -1   1   
1160   379   540   560   1   1   
1161   380   400   561   -1   1   
1162   380   541   561   1   1   
1163   381   401   562   -1   1   
1164   381   542   562   1   1   
1165   382   402   563   -1   1   
1166   382   543   563   1   1   
1167   383   403   564   -1   1   
1168   383   544   564   1   1   
1169   384   404   565   -1   1   
1170   384   545   565   1   1   
1171   385   405   566   -1   1   
1172   385   546   566   1   1   
1173   386   406   567   -1   1   
1174   386   547   567   1   1   
1175   387   407   568   -1   1   
1176   387   548   568   1   1   
1177   388   408   569   -1   1   
1178   388   549   569   1   1   
1179   389   409   570   -1   1   
1180   389   550   570   1   1   
1181   390   410   571   -1   1   
1182   390   551   571   1   1   
1183   391   411   572   -1   1   
1184   391   552   572   1   1   
1185   392   412   573   -1   1   
1186   392   553   573   1   1   
1187   393   413   574   -1   1   
1188   393   554   574   1   1   
1189   394   414   575   -1   1   
1190   394   555   575   1   1   
1191   395   415   576   -1   1   
1192   395   556   576   1   1   
1193   396   416   577   -1   1   
1194   396   557   577   1   1   
1195   397   417   578   -1   1   
1196   397   558   578   1   1   
1197   398   418   579   -1   1   
1198   398   559   579   1   1   
1199   399   419   580   -1   1   
1200   399   560   580   1   1   
1201   400   420   581   -1   1   
1202   400   561   581   1   1   
1203   401   421   582   -1   1   
1204   401   562   582   1   1   
1205   402   422   583   -1   1   
1206   402   563   583   1   1   
1207   403   423   584   -1   1   
1208   403   564   584   1   1   
1209   404   424   585   -1   1   
1210   404   565   585   1   1   
1211   405   425   586   -1   1   
1212   405   566   586   1   1   
1213   406   426   587   -1   1   
1214   406   567   587   1   1   
1215   407   427   588   -1   1   
1216   407   568   588   1   1   
1217   408   428   589   -1   1   
1218   408   569   589   1   1   
1219   409   429   590   -1   1   
1220   409   570   590   1   1   
1221   410   430   591   -1   1   
1222   410   571   591   1   1   
1223   411   431   592   -1   1   
1224   411   572   592   1   1   
1225   412   432   593   -1   1   
1226   412   573   593   1   1   
1227   413   433   594   -1   1   
1228   413   574   594   1   1   
1229   414   434   595   -1   1   
1230   414   575   595   1   1   
1231   415   435   596   -1   1   
1232   415   576   596   1   1   
1233   416   436   597   -1   1   
1234   416   577   597   1   1   
1235   417   437   598   -1   1   
1236   417   578   598   1   1   
1237   418   438   599   -1   1   
1238   418   579   599   1   1   
1239   419   439   600   -1   1   
1240   419   580   600   1   1   
1241   420   440   601   -1   1   
1242   420   581   601   1   1   
1243   421   441   602   -1   1   
1244   421   582   602   1   1   
1245   422   442   603   -1   1   
1246   422   583   603   1   1   
1247   423   443   604   -1   1   
1248   423   584   604   1   1   
1249   424   444   605   -1   1   
1250   424   585   605   1   1   
1251   425   445   606   -1   1   
1252   425   586   606   1   1   
1253   426   446   607   -1   1   
1254   426   587   607   1   1   
1255   427   447   608   -1   1   
1256   427   588   608   1   1   
1257   428   448   609   -1   1   
1258   428   589   609   1   1   
1259   429   449   610   -1   1   
1260   429   590   610   1   1   
1261   430   450   611   -1   1   
1262   430   591   611   1   1   
1263   431   451   612   -1   1   
1264   431   592   612   1   1   
1265   432   452   613   -1   1   
1266   432   593   613   1   1   
1267   433   453   614   -1   1   
1268   433   594   614   1   1   
1269   434   454   615   -1   1   
1270   434   595   615   1   1   
1271   435   455   616   -1   1   
1272   435   596   616   1   1   
1273   436   456   617   -1   1   
1274   436   597   617   1   1   
1275   437   457   618   -1   1   
1276   437   598   618   1   1   
1277   438   458   619   -1   1   
1278   438   599   619   1   1   
1279   439   459   620   -1   1   
1280   439   600   620   1   1   
1281   440   460   621   -1   1   
1282   440   601   621   1   1   
1283   441   461   622   -1   1   
1284   441   602   622   1   1   
1285   442   462   623   -1   1   
1286   442   603   623   1   1   
1287   443   463   624   -1   1   
1288   443   604   624   1   1   
1289   444   464   625   -1   1   
1290   444   605   625   1   1   
1291   445   465   626   -1   1   
1292   445   606   626   1   1   
1293   446   466   627   -1   1   
1294   446   607   627   1   1   
1295   447   467   628   -1   1   
1296   447   608   628   1   1   
1297   448   468   629   -1   1   
1298   448   609   629   1   1   
1299   449   469   630   -1   1   
1300   449   610   630   1   1   
1301   450   470   631   -1   1   
1302   450   611   631   1   1   
1303   451   471   632   -1   1   
1304   451   612   632   1   1   
1305   452   472   633   -1   1   
1306   452   613   633   1   1   
1307   453   473   634   -1   1   
1308   453   614   634   1   1   
1309   454   474   635   -1   1   
1310   454   615   635   1   1   
1311   455   475   636   -1   1   
1312   455   616   636   1   1   
1313   456   476   637   -1   1   
1314   456   617   637   1   1   
1315   457   477   638   -1   1   
1316   457   618   638   1   1   
1317   458   478   639   -1   1   
1318   458   619   639   1   1   
1319   459   479   640   -1   1   
1320   459   620   640   1   1   
1321   460   480   641   -1   1   
1322   460   621   641   1   1   
1323   461   481   642   -1   1   
1324   461   622   642   1   1   
1325   462   482   643   -1   1   
1326   462   623   643   1   1   
1327   463   483   644   -1   1   
1328   463   624   644   1   1   
1329   464   484   645   -1   1   
1330   464   625   645   1   1   
1331   465   485   646   -1   1   
1332   465   626   646   1   1   
1333   466   486   647   -1   1   
1334   466   627   647   1   1   
1335   467   487   648   -1   1   
1336   467   628   648   1   1   
1337   468   488   649   -1   1   
1338   468   629   649   1   1   
1339   469   489   650   -1   1   
1340   469   630   650   1   1   
1341   470   490   651   -1   1   
1342   470   631   651   1   1   
1343   471   491   652   -1   1   
1344   471   632   652   1   1   
1345   472   492   653   -1   1   
1346   472   633   653   1   1   
1347   473   493   654   -1   1   
1348   473   634   654   1   1   
1349   474   494   655   -1   1   
1350   474   635   655   1   1   
1351   475   495   656   -1   1   
1352   475   636   656   1   1   
1353   476   496   657   -1   1   
1354   476   637   657   1   1   
1355   477   497   658   -1   1   
1356   477   638   658   1   1   
1357   478   498   659   -1   1   
1358   478   639   659   1   1   
1359   479   499   660   -1   1   
1360   479   640   660   1   1   
1361   480   500   661   -1   1   
1362   480   641   661   1   1   
1363   481   501   662   -1   1   
1364   481   642   662   1   1   
1365   482   502   663   -1   1   
1366   482   643   663   1   1   
1367   483   503   664   -1   1   
1368   483   644   664   1   1   
1369   484   504   665   -1   1   
1370   484   645   665   1   1   
1371   485   505   666   -1   1   
1372   485   646   666   1   1   
1373   486   506   667   -1   1   
1374   486   647   667   1   1   
1375   487   507   668   -1   1   
1376   487   648   668   1   1   
1377   488   508   669   -1   1   
1378   488   649   669   1   1   
1379   489   509   670   -1   1   
1380   489   650   670   1   1   
1381   490   510   671   -1   1   
1382   490   651   671   1   1   
1383   491   511   672   -1   1   
1384   491   652   672   1   1   
1385   492   512   673   -1   1   
1386   492   653   673   1   1   
1387   498   659   674   1   1   
1388   498   674   839   1   1   
1389   499   660   675   1   1   
1390   499   675   831   1   1   
1391   501   662   676   1   1   
1392   501   676   833   1   1   
1393   503   664   677   1   1   
1394   503   677   835   1   1   
1395   505   666   678   1   1   
1396   505   678   837   1   1   
1397   507   668   679   1   1   
1398   507   679   829   1   1   
1399   508   669   680   1   1   
1400   508   680   823   1   1   
1401   509   670   681   1   1   
1402   509   681   841   1   1   
1403   510   671   682   1   1   
1404   510   682   842   1   1   
1405   511   672   683   1   1   
1406   511   683   843   1   1   
1407   512   673   680   1   1   
1408   512   680   819   1   1   
1409   513   514   515   1   1   
1410   513   514   518   -1   1   
1411   513   515   516   1   1   
1412   513   516   517   1   1   
1413   513   517   518   1   1   
1414   534   554   684   -1   1   
1415   535   555   685   -1   1   
1416   536   556   686   -1   1   
1417   537   557   687   -1   1   
1418   538   558   688   -1   1   
1419   539   559   689   -1   1   
1420   540   560   690   -1   1   
1421   541   561   691   -1   1   
1422   542   562   692   -1   1   
1423   543   563   693   -1   1   
1424   544   564   694   -1   1   
1425   545   565   695   -1   1   
1426   546   566   696   -1   1   
1427   547   567   697   -1   1   
1428   548   568   698   -1   1   
1429   549   569   699   -1   1   
1430   550   570   700   -1   1   
1431   551   571   701   -1   1   
1432   552   572   702   -1   1   
1433   553   573   703   -1   1   
1434   554   574   704   -1   1   
1435   554   684   704   1   1   
1436   555   575   705   -1   1   
1437   555   685   705   1   1   
1438   556   576   706   -1   1   
1439   556   686   706   1   1   
1440   557   577   707   -1   1   
1441   557   687   707   1   1   
1442   558   578   708   -1   1   
1443   558   688   708   1   1   
1444   559   579   709   -1   1   
1445   559   689   709   1   1   
1446   560   580   710   -1   1   
1447   560   690   710   1   1   
1448   561   581   711   -1   1   
1449   561   691   711   1   1   
1450   562   582   712   -1   1   
1451   562   692   712   1   1   
1452   563   583   713   -1   1   
1453   563   693   713   1   1   
1454   564   584   714   -1   1   
1455   564   694   714   1   1   
1456   565   585   715   -1   1   
1457   565   695   715   1   1   
1458   566   586   716   -1   1   
1459   566   696   716   1   1   
1460   567   587   717   -1   1   
1461   567   697   717   1   1   
1462   568   588   718   -1   1   
1463   568   698   718   1   1   
1464   569   589   719   -1   1   
1465   569   699   719   1   1   
1466   570   590   720   -1   1   
1467   570   700   720   1   1   
1468   571   591   721   -1   1   
1469   571   701   721   1   1   
1470   572   592   722   -1   1   
1471   572   702   722   1   1   
1472   573   593   723   -1   1   
1473   573   703   723   1   1   
1474   574   594   724   -1   1   
1475   574   704   724   1   1   
1476   575   595   725   -1   1   
1477   575   705   725   1   1   
1478   576   596   726   -1   1   
1479   576   706   726   1   1   
1480   577   597   727   -1   1   
1481   577   707   727   1   1   
1482   578   598   728   -1   1   
1483   578   708   728   1   1   
1484   579   599   729   -1   1   
1485   579   709   729   1   1   
1486   580   600   730   -1   1   
1487   580   710   730   1   1   
1488   581   601   731   -1   1   
1489   581   711   731   1   1   
1490   582   602   732   -1   1   
1491   582   712   732   1   1   
1492   583   603   733   -1   1   
1493   583   713   733   1   1   
1494   584   604   734   -1   1   
1495   584   714   734   1   1   
1496   585   605   735   -1   1   
1497   585   715   735   1   1   
1498   586   606   736   -1   1   
1499   586   716   736   1   1   
1500   587   607   737   -1   1   
1501   587   717   737   1   1   
1502   588   608   738   -1   1   
1503   588   718   738   1   1   
1504   589   609   739   -1   1   
1505   589   719   739   1   1   
1506   590   610   740   -1   1   
1507   590   720   740   1   1   
1508   591   611   741   -1   1   
1509   591   721   741   1   1   
1510   592   612   742   -1   1   
1511   592   722   742   1   1   
1512   593   613   743   -1   1   
1513   593   723   743   1   1   
1514   594   614   744   -1   1   
1515   594   724   744   1   1   
1516   595   615   745   -1   1   
1517   595   725   745   1   1   
1518   596   616   746   -1   1   
1519   596   726   746   1   1   
1520   597   617   747   -1   1   
1521   597   727   747   1   1   
1522   598   618   748   -1   1   
1523   598   728   748   1   1   
1524   599   619   749   -1   1   
1525   599   729   749   1   1   
1526   600   620   750   -1   1   
1527   600   730   750   1   1   
1528   601   621   751   -1   1   
1529   601   731   751   1   1   
1530   602   622   752   -1   1   
1531   602   732   752   1   1   
1532   603   623   753   -1   1   
1533   603   733   753   1   1   
1534   604   624   754   -1   1   
1535   604   734   754   1   1   
1536   605   625   755   -1   1   
1537   605   735   755   1   1   
1538   606   626   756   -1   1   
1539   606   736   756   1   1   
1540   607   627   757   -1   1   
1541   607   737   757   1   1   
1542   608   628   758   -1   1   
1543   608   738   758   1   1   
1544   609   629   759   -1   1   
1545   609   739   759   1   1   
1546   610   630   760   -1   1   
1547   610   740   760   1   1   
1548   611   631   761   -1   1   
1549   611   741   761   1   1   
1550   612   632   762   -1   1   
1551   612   742   762   1   1   
1552   613   633   763   -1   1   
1553   613   743   763   1   1   
1554   614   634   764   -1   1   
1555   614   744   764   1   1   
1556   615   635   765   -1   1   
1557   615   745   765   1   1   
1558   616   636   766   -1   1   
1559   616   746   766   1   1   
1560   617   637   767   -1   1   
1561   617   747   767   1   1   
1562   618   638   768   -1   1   
1563   618   748   768   1   1   
1564   619   639   769   -1   1   
1565   619   749   769   1   1   
1566   620   640   770   -1   1   
1567   620   750   770   1   1   
1568   621   641   771   -1   1   
1569   621   751   771   1   1   
1570   622   642   772   -1   1   
1571   622   752   772   1   1   
1572   623   643   773   -1   1   
1573   623   753   773   1   1   
1574   624   644   774   -1   1   
1575   624   754   774   1   1   
1576   625   645   775   -1   1   
1577   625   755   775   1   1   
1578   626   646   776   -1   1   
1579   626   756   776   1   1   
1580   627   647   777   -1   1   
1581   627   757   777   1   1   
1582   628   648   778   -1   1   
1583   628   758   778   1   1   
1584   629   649   779   -1   1   
1585   629   759   779   1   1   
1586   630   650   780   -1   1   
1587   630   760   780   1   1   
1588   631   651   781   -1   1   
1589   631   761   781   1   1   
1590   632   652   782   -1   1   
1591   632   762   782   1   1   
1592   633   653   783   -1   1   
1593   633   763   783   1   1   
1594   634   654   784   -1   1   
1595   634   764   784   1   1   
1596   635   655   785   -1   1   
1597   635   765   785   1   1   
1598   636   656   786   -1   1   
1599   636   766   786   1   1   
1600   637   657   787   -1   1   
1601   637   767   787   1   1   
1602   638   658   788   -1   1   
1603   638   768   788   1   1   
1604   639   659   789   -1   1   
1605   639   769   789   1   1   
1606   640   660   790   -1   1   
1607   640   770   790   1   1   
1608   641   661   791   -1   1   
1609   641   771   791   1   1   
1610   642   662   792   -1   1   
1611   642   772   792   1   1   
1612   643   663   793   -1   1   
1613   643   773   793   1   1   
1614   644   664   794   -1   1   
1615   644   774   794   1   1   
1616   645   665   795   -1   1   
1617   645   775   795   1   1   
1618   646   666   796   -1   1   
1619   646   776   796   1   1   
1620   647   667   797   -1   1   
1621   647   777   797   1   1   
1622   648   668   798   -1   1   
1623   648   778   798   1   1   
1624   649   669   799   -1   1   
1625   649   779   799   1   1   
1626   650   670   800   -1   1   
1627   650   780   800   1   1   
1628   651   671   801   -1   1   
1629   651   781   801   1   1   
1630   652   672   802   -1   1   
1631   652   782   802   1   1   
1632   653   673   803   -1   1   
1633   653   783   803   1   1   
1634   654   784   804   1   1   
1635   655   785   805   1   1   
1636   656   786   806   1   1   
1637   657   787   807   1   1   
1638   658   788   808   1   1   
1639   659   674   809   -1   1   
1640   659   789   809   1   1   
1641   660   675   810   -1   1   
1642   660   790   810   1   1   
1643   661   791   811   1   1   
1644   662   676   812   -1   1   
1645   662   792   812   1   1   
1646   663   793   813   1   1   
1647   664   677   814   -1   1   
1648   664   794   814   1   1   
1649   665   795   815   1   1   
1650   666   678   816   -1   1   
1651   666   796   816   1   1   
1652   667   797   817   1   1   
1653   668   679   818   -1   1   
1654   668   798   818   1   1   
1655   669   680   819   -1   1   
1656   669   799   819   1   1   
1657   670   681   820   -1   1   
1658   670   800   820   1   1   
1659   671   682   821   -1   1   
1660   671   801   821   1   1   
1661   672   683   822   -1   1   
1662   672   802   822   1   1   
1663   673   680   823   -1   1   
1664   673   803   823   1   1   
1665   674   809   948   1   1   
1666   674   839   859   -1   1   
1667   674   859   948   -1   1   
1668   675   810   940   1   1   
1669   675   831   851   -1   1   
1670   675   851   940   -1   1   
1671   676   812   942   1   1   
1672   676   833   853   -1   1   
1673   676   853   942   -1   1   
1674   677   814   944   1   1   
1675   677   835   855   -1   1   
1676   677   855   944   -1   1   
1677   678   816   946   1   1   
1678   678   837   857   -1   1   
1679   678   857   946   -1   1   
1680   679   818   938   1   1   
1681   679   829   849   -1   1   
1682   679   849   938   -1   1   
1683   681   820   950   1   1   
1684   681   841   861   -1   1   
1685   681   861   950   -1   1   
1686   682   821   951   1   1   
1687   682   842   862   -1   1   
1688   682   862   951   -1   1   
1689   683   822   952   1   1   
1690   683   843   863   -1   1   
1691   683   863   952   -1   1   
1692   704   724   824   -1   1   
1693   705   725   825   -1   1   
1694   706   726   826   -1   1   
1695   707   727   827   -1   1   
1696   708   728   828   -1   1   
1697   709   729   829   -1   1   
1698   710   730   830   -1   1   
1699   711   731   831   -1   1   
1700   712   732   832   -1   1   
1701   713   733   833   -1   1   
1702   714   734   834   -1   1   
1703   715   735   835   -1   1   
1704   716   736   836   -1   1   
1705   717   737   837   -1   1   
1706   718   738   838   -1   1   
1707   719   739   839   -1   1   
1708   720   740   840   -1   1   
1709   721   741   841   -1   1   
1710   722   742   842   -1   1   
1711   723   743   843   -1   1   
1712   724   744   844   -1   1   
1713   724   824   844   1   1   
1714   725   745   845   -1   1   
1715   725   825   845   1   1   
1716   726   746   846   -1   1   
1717   726   826   846   1   1   
1718   727   747   847   -1   1   
1719   727   827   847   1   1   
1720   728   748   848   -1   1   
1721   728   828   848   1   1   
1722   729   749   849   -1   1   
1723   729   829   849   1   1   
1724   730   750   850   -1   1   
1725   730   830   850   1   1   
1726   731   751   851   -1   1   
1727   731   831   851   1   1   
1728   732   752   852   -1   1   
1729   732   832   852   1   1   
1730   733   753   853   -1   1   
1731   733   833   853   1   1   
1732   734   754   854   -1   1   
1733   734   834   854   1   1   
1734   735   755   855   -1   1   
1735   735   835   855   1   1   
1736   736   756   856   -1   1   
1737   736   836   856   1   1   
1738   737   757   857   -1   1   
1739   737   837   857   1   1   
1740   738   758   858   -1   1   
1741   738   838   858   1   1   
1742   739   759   859   -1   1   
1743   739   839   859   1   1   
1744   740   760   860   -1   1   
1745   740   840   860   1   1   
1746   741   761   861   -1   1   
1747   741   841   861   1   1   
1748   742   762   862   -1   1   
1749   742   842   862   1   1   
1750   743   763   863   -1   1   
1751   743   843   863   1   1   
1752   744   764   864   -1   1   
1753   744   844   864   1   1   
1754   745   765   865   -1   1   
1755   745   845   865   1   1   
1756   746   766   866   -1   1   
1757   746   846   866   1   1   
1758   747   767   867   -1   1   
1759   747   847   867   1   1   
1760   748   768   868   -1   1   
1761   748   848   868   1   1   
1762   749   769   869   -1   1   
1763   749   849   869   1   1   
1764   750   770   870   -1   1   
1765   750   850   870   1   1   
1766   751   771   871   -1   1   
1767   751   851   871   1   1   
1768   752   772   872   -1   1   
1769   752   852   872   1   1   
1770   753   773   873   -1   1   
1771   753   853   873   1   1   
1772   754   774   874   -1   1   
1773   754   854   874   1   1   
1774   755   775   875   -1   1   
1775   755   855   875   1   1   
1776   756   776   876   -1   1   
1777   756   856   876   1   1   
1778   757   777   877   -1   1   
1779   757   857   877   1   1   
1780   758   778   878   -1   1   
1781   758   858   878   1   1   
1782   759   779   879   -1   1   
1783   759   859   879   1   1   
1784   760   780   880   -1   1   
1785   760   860   880   1   1   
1786   761   781   881   -1   1   
1787   761   861   881   1   1   
1788   762   782   882   -1   1   
1789   762   862   882   1   1   
1790   763   783   883   -1   1   
1791   763   863   883   1   1   
1792   764   784   884   -1   1   
1793   764   864   884   1   1   
1794   765   785   885   -1   1   
1795   765   865   885   1   1   
1796   766   786   886   -1   1   
1797   766   866   886   1   1   
1798   767   787   887   -1   1   
1799   767   867   887   1   1   
1800   768   788   888   -1   1   
1801   768   868   888   1   1   
1802   769   789   889   -1   1   
1803   769   869   889   1   1   
1804   770   790   890   -1   1   
1805   770   870   890   1   1   
1806   771   791   891   -1   1   
1807   771   871   891   1   1   
1808   772   792   892   -1   1   
1809   772   872   892   1   1   
1810   773   793   893   -1   1   
1811   773   873   893   1   1   
1812   774   794   894   -1   1   
1813   774   874   894   1   1   
1814   775   795   895   -1   1   
1815   775   875   895   1   1   
1816   776   796   896   -1   1   
1817   776   876   896   1   1   
1818   777   797   897   -1   1   
1819   777   877   897   1   1   
1820   778   798   898   -1   1   
1821   778   878   898   1   1   
1822   779   799   899   -1   1   
1823   779   879   899   1   1   
1824   780   800   900   -1   1   
1825   780   880   900   1   1   
1826   781   801   901   -1   1   
1827   781   881   901   1   1   
1828   782   802   902   -1   1   
1829   782   882   902   1   1   
1830   783   803   903   -1   1   
1831   783   883   903   1   1   
1832   784   804   904   -1   1   
1833   784   884   904   1   1   
1834   785   805   905   -1   1   
1835   785   885   905   1   1   
1836   786   806   906   -1   1   
1837   786   886   906   1   1   
1838   787   807   907   -1   1   
1839   787   887   907   1   1   
1840   788   808   908   -1   1   
1841   788   888   908   1   1   
1842   789   809   909   -1   1   
1843   789   889   909   1   1   
1844   790   810   910   -1   1   
1845   790   890   910   1   1   
1846   791   811   911   -1   1   
1847   791   891   911   1   1   
1848   792   812   912   -1   1   
1849   792   892   912   1   1   
1850   793   813   913   -1   1   
1851   793   893   913   1   1   
1852   794   814   914   -1   1   
1853   794   894   914   1   1   
1854   795   815   915   -1   1   
1855   795   895   915   1   1   
1856   796   816   916   -1   1   
1857   796   896   916   1   1   
1858   797   817   917   -1   1   
1859   797   897   917   1   1   
1860   798   818   918   -1   1   
1861   798   898   918   1   1   
1862   799   819   919   -1   1   
1863   799   899   919   1   1   
1864   800   820   920   -1   1   
1865   800   900   920   1   1   
1866   801   821   921   -1   1   
1867   801   901   921   1   1   
1868   802   822   922   -1   1   
1869   802   902   922   1   1   
1870   803   823   923   -1   1   
1871   803   903   923   1   1   
1872   809   909   924   1   1   
1873   809   924   948   1   1   
1874   810   910   925   1   1   
1875   810   925   940   1   1   
1876   812   912   926   1   1   
1877   812   926   942   1   1   
1878   814   914   927   1   1   
1879   814   927   944   1   1   
1880   816   916   928   1   1   
1881   816   928   946   1   1   
1882   818   918   929   1   1   
1883   818   929   938   1   1   
1884   820   920   930   1   1   
1885   820   930   950   1   1   
1886   821   921   931   1   1   
1887   821   931   951   1   1   
1888   822   922   932   1   1   
1889   822   932   952   1   1   
1890   844   864   933   -1   1   
1891   845   865   934   -1   1   
1892   846   866   935   -1   1   
1893   847   867   936   -1   1   
1894   848   868   937   -1   1   
1895   849   869   938   -1   1   
1896   850   870   939   -1   1   
1897   851   871   940   -1   1   
1898   852   872   941   -1   1   
1899   853   873   942   -1   1   
1900   854   874   943   -1   1   
1901   855   875   944   -1   1   
1902   856   876   945   -1   1   
1903   857   877   946   -1   1   
1904   858   878   947   -1   1   
1905   859   879   948   -1   1   
1906   860   880   949   -1   1   
1907   861   881   950   -1   1   
1908   862   882   951   -1   1   
1909   863   883   952   -1   1   
1910   864   884   953   -1   1   
1911   864   933   953   1   1   
1912   865   885   954   -1   1   
1913   865   934   954   1   1   
1914   866   886   955   -1   1   
1915   866   935   955   1   1   
1916   867   887   956   -1   1   
1917   867   936   956   1   1   
1918   868   888   957   -1   1   
1919   868   937   957   1   1   
1920   869   889   958   -1   1   
1921   869   938   958   1   1   
1922   870   890   959   -1   1   
1923   870   939   959   1   1   
1924   871   891   960   -1   1   
1925   871   940   960   1   1   
1926   872   892   961   -1   1   
1927   872   941   961   1   1   
1928   873   893   962   -1   1   
1929   873   942   962   1   1   
1930   874   894   963   -1   1   
1931   874   943   963   1   1   
1932   875   895   964   -1   1   
1933   875   944   964   1   1   
1934   876   896   965   -1   1   
1935   876   945   965   1   1   
1936   877   897   966   -1   1   
1937   877   946   966   1   1   
1938   878   898   967   -1   1   
1939   878   947   967   1   1   
1940   879   899   968   -1   1   
1941   879   948   968   1   1   
1942   880   900   969   -1   1   
1943   880   949   969   1   1   
1944   881   901   970   -1   1   
1945   881   950   970   1   1   
1946   882   902   971   -1   1   
1947   882   951   971   1   1   
1948   883   903   972   -1   1   
1949   883   952   972   1   1   
1950   884   904   973   -1   1   
1951   884   953   973   1   1   
1952   885   905   974   -1   1   
1953   885   954   974   1   1   
1954   886   906   975   -1   1   
1955   886   955   975   1   1   
1956   887   907   976   -1   1   
1957   887   956   976   1   1   
1958   888   908   977   -1   1   
1959   888   957   977   1   1   
1960   889   909   978   -1   1   
1961   889   958   978   1   1   
1962   890   910   979   -1   1   
1963   890   959   979   1   1   
1964   891   911   980   -1   1   
1965   891   960   980   1   1   
1966   892   912   981   -1   1   
1967   892   961   981   1   1   
1968   893   913   982   -1   1   
1969   893   962   982   1   1   
1970   894   914   983   -1   1   
1971   894   963   983   1   1   
1972   895   915   984   -1   1   
1973   895   964   984   1   1   
1974   896   916   985   -1   1   
1975   896   965   985   1   1   
1976   897   917   986   -1   1   
1977   897   966   986   1   1   
1978   898   918   987   -1   1   
1979   898   967   987   1   1   
1980   899   919   988   -1   1   
1981   899   968   988   1   1   
1982   900   920   989   -1   1   
1983   900   969   989   1   1   
1984   901   921   990   -1   1   
1985   901   970   990   1   1   
1986   902   922   991   -1   1   
1987   902   971   991   1   1   
1988   903   923   992   -1   1   
1989   903   972   992   1   1   
1990   904   973   993   1   1   
1991   905   974   994   1   1   
1992   906   975   995   1   1   
1993   907   976   996   1   1   
1994   908   977   997   1   1   
1995   909   924   998   -1   1   
1996   909   978   998   1   1   
1997   910   925   999   -1   1   
1998   910   979   999   1   1   
1999   911   980   1000   1   1   
2000   912   926   1001   -1   1   
2001   912   981   1001   1   1   
2002   913   982   1002   1   1   
2003   914   927   1003   -1   1   
2004   914   983   1003   1   1   
2005   915   984   1004   1   1   
2006   916   928   1005   -1   1   
2007   916   985   1005   1   1   
2008   917   986   1006   1   1   
2009   918   929   1007   -1   1   
2010   918   987   1007   1   1   
2011   919   988   1008   1   1   
2012   920   930   1009   -1   1   
2013   920   989   1009   1   1   
2014   921   931   1010   -1   1   
2015   921   990   1010   1   1   
2016   922   932   1011   -1   1   
2017   922   991   1011   1   1   
2018   923   992   1012   1   1   
2019   924   948   968   -1   1   
2020   924   968   1028   -1   1   
2021   924   998   1028   1   1   
2022   925   940   960   -1   1   
2023   925   960   1020   -1   1   
2024   925   999   1020   1   1   
2025   926   942   962   -1   1   
2026   926   962   1022   -1   1   
2027   926   1001   1022   1   1   
2028   927   944   964   -1   1   
2029   927   964   1024   -1   1   
2030   927   1003   1024   1   1   
2031   928   946   966   -1   1   
2032   928   966   1026   -1   1   
2033   928   1005   1026   1   1   
2034   929   938   958   -1   1   
2035   929   958   1018   -1   1   
2036   929   1007   1018   1   1   
2037   930   950   970   -1   1   
2038   930   970   1030   -1   1   
2039   930   1009   1030   1   1   
2040   931   951   971   -1   1   
2041   931   971   1031   -1   1   
2042   931   1010   1031   1   1   
2043   932   952   972   -1   1   
2044   932   972   1032   -1   1   
2045   932   1011   1032   1   1   
2046   953   973   1013   -1   1   
2047   954   974   1014   -1   1   
2048   955   975   1015   -1   1   
2049   956   976   1016   -1   1   
2050   957   977   1017   -1   1   
2051   958   978   1018   -1   1   
2052   959   979   1019   -1   1   
2053   960   980   1020   -1   1   
2054   961   981   1021   -1   1   
2055   962   982   1022   -1   1   
2056   963   983   1023   -1   1   
2057   964   984   1024   -1   1   
2058   965   985   1025   -1   1   
2059   966   986   1026   -1   1   
2060   967   987   1027   -1   1   
2061   968   988   1028   -1   1   
2062   969   989   1029   -1   1   
2063   970   990   1030   -1   1   
2064   971   991   1031   -1   1   
2065   972   992   1032   -1   1   
2066   973   993   1033   -1   1   
2067   973   1013   1033   1   1   
2068   974   994   1034   -1   1   
2069   974   1014   1034   1   1   
2070   975   995   1035   -1   1   
2071   975   1015   1035   1   1   
2072   976   996   1036   -1   1   
2073   976   1016   1036   1   1   
2074   977   997   1037   -1   1   
2075   977   1017   1037   1   1   
2076   978   998   1038   -1   1   
2077   978   1018   1038   1   1   
2078   979   999   1039   -1   1   
2079   979   1019   1039   1   1   
2080   980   1000   1040   -1   1   
2081   980   1020   1040   1   1   
2082   981   1001   1041   -1   1   
2083   981   1021   1041   1   1   
2084   982   1002   1042   -1   1   
2085   982   1022   1042   1   1   
2086   983   1003   1043   -1   1   
2087   983   1023   1043   1   1   
2088   984   1004   1044   -1   1   
2089   984   1024   1044   1   1   
2090   985   1005   1045   -1   1   
2091   985   1025   1045   1   1   
2092   986   1006   1046   -1   1   
2093   986   1026   1046   1   1   
2094   987   1007   1047   -1   1   
2095   987   1027   1047   1   1   
2096   988   1008   1048   -1   1   
2097   988   1028   1048   1   1   
2098   989   1009   1049   -1   1   
2099   989   1029   1049   1   1   
2100   990   1010   1050   -1   1   
2101   990   1030   1050   1   1   
2102   991   1011   1051   -1   1   
2103   991   1031   1051   1   1   
2104   992   1012   1052   -1   1   
2105   992   1032   1052   1   1   
2106   998   1028   1053   -1   1   
2107   998   1038   1053   1   1   
2108   999   1020   1054   -1   1   
2109   999   1039   1054   1   1   
2110   1001   1022   1055   -1   1   
2111   1001   1041   1055   1   1   
2112   1003   1024   1056   -1   1   
2113   1003   1043   1056   1   1   
2114   1005   1026   1057   -1   1   
2115   1005   1045   1057   1   1   
2116   1007   1018   1058   -1   1   
2117   1007   1047   1058   1   1   
2118   1009   1030   1059   -1   1   
2119   1009   1049   1059   1   1   
2120   1010   1031   1060   -1   1   
2121   1010   1050   1060   1   1   
2122   1011   1032   1061   -1   1   
2123   1011   1051   1061   1   1   
2124   1018   1038   1058   -1   1   
2125   1020   1040   1054   -1   1   
2126   1022   1042   1055   -1   1   
2127   1024   1044   1056   -1   1   
2128   1026   1046   1057   -1   1   
2129   1028   1048   1053   -1   1   
2130   1030   1050   1059   -1   1   
2131   1031   1051   1060   -1   1   
2132   1032   1052   1061   -1   1   
2133   1038   1053   1067   -1   1   
2134   1038   1058   1067   1   1   
2135   1039   1054   1068   -1   1   
2136   1040   1054   1069   1   1   
2137   1041   1055   1070   -1   1   
2138   1042   1055   1071   1   1   
2139   1043   1056   1072   -1   1   
2140   1044   1056   1073   1   1   
2141   1045   1057   1074   -1   1   
2142   1046   1057   1075   1   1   
2143   1047   1058   1076   -1   1   
2144   1048   1053   1077   1   1   
2145   1049   1059   1078   -1   1   
2146   1050   1059   1079   1   1   
2147   1050   1060   1079   -1   1   
2148   1051   1060   1080   1   1   
2149   1051   1061   1080   -1   1   
2150   1052   1061   1081   1   1   
2151   1053   1067   1077   1   1   
2152   1054   1068   1069   1   1   
2153   1055   1070   1071   1   1   
2154   1056   1072   1073   1   1   
2155   1057   1074   1075   1   1   
2156   1058   1067   1076   -1   1   
2157   1059   1078   1079   1   1   
2158   1060   1079   1080   1   1   
2159   1061   1080   1081   1   1   
