0   7.362978   0.000000   4.551030   1
1   4.551030   7.362978   0.000000   1
2   -4.551030   7.362978   0.000000   1
3   -7.362978   0.000000   4.551030   1
4   0.000000   -4.551030   7.362978   1
5   4.551030   -7.362978   0.000000   1
6   7.362978   0.000000   -4.551030   1
7   0.000000   4.551030   -7.362978   1
8   -7.362978   0.000000   -4.551030   1
9   -4.551030   -7.362978   0.000000   1
10   0.000000   -4.551030   -7.362978   1
11   6.662154   0.821954   5.450853   1
12   4.118423   7.492760   1.332431   1
13   -4.118423   7.492760   1.332431   1
14   -6.662154   0.821954   5.450853   1
15   0.000000   -3.296468   8.003237   1
16   4.118423   -7.492760   1.332431   1
17   6.662154   -0.821954   5.450853   1
18   8.003237   0.000000   -3.296468   1
19   5.450853   6.662154   0.821954   1
20   0.821954   5.450853   -6.662154   1
21   -3.296468   8.003237   0.000000   1
22   -7.492760   1.332431   -4.118423   1
23   -7.492760   1.332431   4.118423   1
24   -5.450853   -6.662154   0.821954   1
25   -1.332431   -4.118423   7.492760   1
26   0.821954   -5.450853   -6.662154   1
27   7.492760   -1.332431   -4.118423   1
28   1.332431   4.118423   -7.492760   1
29   -6.662154   0.821954   -5.450853   1
30   -5.450853   -6.662154   -0.821954   1
31   6.947675   0.000000   5.156680   1
32   4.724073   7.215892   0.700824   1
33   -4.023249   7.648499   0.432607   1
34   -7.215892   0.700824   4.724073   1
35   -0.432607   -4.023249   7.648499   1
36   4.023249   -7.648499   0.432607   1
37   7.215892   -0.700824   4.724073   1
38   7.648499   -0.432607   -4.023249   1
39   5.156680   6.947675   0.000000   1
40   0.700824   4.724073   -7.215892   1
41   -4.023249   7.648499   -0.432607   1
42   -7.215892   0.700824   -4.724073   1
43   -7.648499   0.432607   4.023249   1
44   -5.156680   -6.947675   0.000000   1
45   -0.700824   -4.724073   7.215892   1
46   0.000000   -5.156680   -6.947675   1
47   7.215892   -0.700824   -4.724073   1
48   0.432607   4.023249   -7.648499   1
49   -6.947675   0.000000   -5.156680   1
50   -4.724073   -7.215892   -0.700824   1
51   5.649853   1.747734   6.316068   1
52   3.495468   7.397587   2.820600   1
53   -3.495468   7.397587   2.820600   1
54   -5.649853   1.747734   6.316068   1
55   0.000000   -1.747734   8.470453   1
56   3.495468   -7.397587   2.820600   1
57   5.649853   -1.747734   6.316068   1
58   8.470453   0.000000   -1.747734   1
59   6.316068   5.649853   1.747734   1
60   1.747734   6.316068   -5.649853   1
61   -1.747734   8.470453   0.000000   1
62   -7.397587   2.820600   -3.495468   1
63   -7.397587   2.820600   3.495468   1
64   -6.316068   -5.649853   1.747734   1
65   -2.820600   -3.495468   7.397587   1
66   1.747734   -6.316068   -5.649853   1
67   7.397587   -2.820600   -3.495468   1
68   2.820600   3.495468   -7.397587   1
69   -5.649853   1.747734   -6.316068   1
70   -6.316068   -5.649853   -1.747734   1
71   6.082460   0.865215   6.091112   1
72   4.222248   7.233196   2.163037   1
73   -3.469511   7.700412   1.868864   1
74   -6.367981   1.626604   5.623896   1
75   -0.467216   -2.604297   8.236845   1
76   3.469511   -7.700412   1.868864   1
77   6.367981   -1.626604   5.623896   1
78   8.236845   -0.467216   -2.604297   1
79   6.091112   6.082460   0.865215   1
80   1.626604   5.623896   -6.367981   1
81   -2.604297   8.236845   -0.467216   1
82   -7.233196   2.163037   -4.222248   1
83   -7.700412   1.868864   3.469511   1
84   -6.091112   -6.082460   0.865215   1
85   -2.163037   -4.222248   7.233196   1
86   0.865215   -6.091112   -6.082460   1
87   7.233196   -2.163037   -4.222248   1
88   1.868864   3.469511   -7.700412   1
89   -6.082460   0.865215   -6.091112   1
90   -5.623896   -6.367981   -1.626604   1
91   6.419894   0.000000   5.796939   1
92   4.888464   6.982284   1.479517   1
93   -3.400294   7.899411   0.917128   1
94   -6.982284   1.479517   4.888464   1
95   -0.917128   -3.400294   7.899411   1
96   3.400294   -7.899411   0.917128   1
97   6.982284   -1.479517   4.888464   1
98   7.899411   -0.917128   -3.400294   1
99   5.796939   6.419894   0.000000   1
100   1.479517   4.888464   -6.982284   1
101   -3.400294   7.899411   -0.917128   1
102   -6.982284   1.479517   -4.888464   1
103   -7.899411   0.917128   3.400294   1
104   -5.796939   -6.419894   0.000000   1
105   -1.479517   -4.888464   6.982284   1
106   0.000000   -5.796939   -6.419894   1
107   6.982284   -1.479517   -4.888464   1
108   0.917128   3.400294   -7.899411   1
109   -6.419894   0.000000   -5.796939   1
110   -4.888464   -6.982284   -1.479517   1
111   3.296468   -8.003237   0.000000   1
112   7.492760   -1.332431   4.118423   1
113   5.450853   6.662154   -0.821954   1
114   -4.118423   7.492760   -1.332431   1
115   -8.003237   0.000000   3.296468   1
116   -0.821954   -5.450853   6.662154   1
117   -0.821954   -5.450853   -6.662154   1
118   6.662154   -0.821954   -5.450853   1
119   0.000000   3.296468   -8.003237   1
120   -6.662154   -0.821954   -5.450853   1
121   -4.118423   -7.492760   -1.332431   1
122   4.326074   2.673514   6.999588   1
123   2.673514   6.999588   4.326074   1
124   -2.673514   6.999588   4.326074   1
125   -4.326074   2.673514   6.999588   1
126   0.000000   0.000000   8.652148   1
127   2.673514   -6.999588   4.326074   1
128   4.326074   -2.673514   6.999588   1
129   8.652148   0.000000   0.000000   1
130   6.999588   4.326074   2.673514   1
131   2.673514   6.999588   -4.326074   1
132   0.000000   8.652148   0.000000   1
133   -6.999588   4.326074   -2.673514   1
134   -6.999588   4.326074   2.673514   1
135   -6.999588   -4.326074   2.673514   1
136   -4.326074   -2.673514   6.999588   1
137   2.673514   -6.999588   -4.326074   1
138   6.999588   -4.326074   -2.673514   1
139   4.326074   2.673514   -6.999588   1
140   -4.326074   2.673514   -6.999588   1
141   -6.999588   -4.326074   -2.673514   1
142   4.879812   1.808299   6.913066   1
143   3.504120   6.982284   3.711772   1
144   -2.708122   7.475456   3.417599   1
145   -5.173985   2.595644   6.428546   1
146   -0.484520   -0.899823   8.591583   1
147   2.708122   -7.475456   3.417599   1
148   5.173985   -2.595644   6.428546   1
149   8.591583   -0.484520   -0.899823   1
150   6.913066   4.879812   1.808299   1
151   2.595644   6.428546   -5.173985   1
152   -0.899823   8.591583   -0.484520   1
153   -6.982284   3.711772   -3.504120   1
154   -7.475456   3.417599   2.708122   1
155   -6.913066   -4.879812   1.808299   1
156   -3.711772   -3.504120   6.982284   1
157   1.808299   -6.913066   -4.879812   1
158   6.982284   -3.711772   -3.504120   1
159   3.417599   2.708122   -7.475456   1
160   -4.879812   1.808299   -6.913066   1
161   -6.428546   -5.173985   -2.595644   1
162   5.364332   0.899823   6.731371   1
163   4.291465   6.869806   3.036904   1
164   -2.708122   7.847498   2.439906   1
165   -5.969982   2.483167   5.753679   1
166   -0.977693   -1.808299   8.401236   1
167   2.708122   -7.847498   2.439906   1
168   5.969982   -2.483167   5.753679   1
169   8.401236   -0.977693   -1.808299   1
170   6.731371   5.364332   0.899823   1
171   2.483167   5.753679   -5.969982   1
172   -1.808299   8.401236   -0.977693   1
173   -6.869806   3.036904   -4.291465   1
174   -7.847498   2.439906   2.708122   1
175   -6.731371   -5.364332   0.899823   1
176   -3.036904   -4.291465   6.869806   1
177   0.899823   -6.731371   -5.364332   1
178   6.869806   -3.036904   -4.291465   1
179   2.439906   2.708122   -7.847498   1
180   -5.364332   0.899823   -6.731371   1
181   -5.753679   -5.969982   -2.483167   1
182   5.770983   -0.000000   6.445850   1
183   5.009594   6.662154   2.336080   1
184   -2.673514   8.098411   1.444909   1
185   -6.662154   2.336080   5.009594   1
186   -1.444909   -2.673514   8.098411   1
187   2.673514   -8.098411   1.444909   1
188   6.662154   -2.336080   5.009594   1
189   8.098411   -1.444909   -2.673514   1
190   6.445850   5.770983   -0.000000   1
191   2.336080   5.009594   -6.662154   1
192   -2.673514   8.098411   -1.444909   1
193   -6.662154   2.336080   -5.009594   1
194   -8.098411   1.444909   2.673514   1
195   -6.445850   -5.770983   -0.000000   1
196   -2.336080   -5.009594   6.662154   1
197   -0.000000   -6.445850   -5.770983   1
198   6.662154   -2.336080   -5.009594   1
199   1.444909   2.673514   -8.098411   1
200   -5.770983   -0.000000   -6.445850   1
201   -5.009594   -6.662154   -2.336080   1
202   6.082460   -0.865215   6.091112   1
203   5.623896   6.367981   1.626604   1
204   -2.604297   8.236845   0.467216   1
205   -7.233196   2.163037   4.222248   1
206   -1.868864   -3.469511   7.700412   1
207   2.604297   -8.236845   0.467216   1
208   7.233196   -2.163037   4.222248   1
209   7.700412   -1.868864   -3.469511   1
210   6.091112   6.082460   -0.865215   1
211   2.163037   4.222248   -7.233196   1
212   -3.469511   7.700412   -1.868864   1
213   -6.367981   1.626604   -5.623896   1
214   -8.236845   0.467216   2.604297   1
215   -6.091112   -6.082460   -0.865215   1
216   -1.626604   -5.623896   6.367981   1
217   -0.865215   -6.091112   -6.082460   1
218   6.367981   -1.626604   -5.623896   1
219   0.467216   2.604297   -8.236845   1
220   -6.082460   -0.865215   -6.091112   1
221   -4.222248   -7.233196   -2.163037   1
222   2.820600   3.495468   7.397587   1
223   1.747734   6.316068   5.649853   1
224   -1.747734   6.316068   5.649853   1
225   -2.820600   3.495468   7.397587   1
226   0.000000   1.747734   8.470453   1
227   1.747734   -6.316068   5.649853   1
228   2.820600   -3.495468   7.397587   1
229   8.470453   0.000000   1.747734   1
230   7.397587   2.820600   3.495468   1
231   3.495468   7.397587   -2.820600   1
232   1.747734   8.470453   0.000000   1
233   -6.316068   5.649853   -1.747734   1
234   -6.316068   5.649853   1.747734   1
235   -7.397587   -2.820600   3.495468   1
236   -5.649853   -1.747734   6.316068   1
237   3.495468   -7.397587   -2.820600   1
238   6.316068   -5.649853   -1.747734   1
239   5.649853   1.747734   -6.316068   1
240   -2.820600   3.495468   -7.397587   1
241   -7.397587   -2.820600   -3.495468   1
242   3.417599   2.708122   7.475456   1
243   2.595644   6.428546   5.173985   1
244   -1.808299   6.913066   4.879812   1
245   -3.711772   3.504120   6.982284   1
246   -0.484520   0.899823   8.591583   1
247   1.808299   -6.913066   4.879812   1
248   3.711772   -3.504120   6.982284   1
249   8.591583   -0.484520   0.899823   1
250   7.475456   3.417599   2.708122   1
251   3.504120   6.982284   -3.711772   1
252   0.899823   8.591583   -0.484520   1
253   -6.428546   5.173985   -2.595644   1
254   -6.913066   4.879812   1.808299   1
255   -7.475456   -3.417599   2.708122   1
256   -5.173985   -2.595644   6.428546   1
257   2.708122   -7.475456   -3.417599   1
258   6.428546   -5.173985   -2.595644   1
259   4.879812   1.808299   -6.913066   1
260   -3.417599   2.708122   -7.475456   1
261   -6.982284   -3.711772   -3.504120   1
262   3.988640   1.851560   7.449500   1
263   3.460859   6.454503   4.602943   1
264   -1.851560   7.449500   3.988640   1
265   -4.602943   3.460859   6.454503   1
266   -0.994997   -0.000000   8.591583   1
267   1.851560   -7.449500   3.988640   1
268   4.602943   -3.460859   6.454503   1
269   8.591583   -0.994997   -0.000000   1
270   7.449500   3.988640   1.851560   1
271   3.460859   6.454503   -4.602943   1
272   -0.000000   8.591583   -0.994997   1
273   -6.454503   4.602943   -3.460859   1
274   -7.449500   3.988640   1.851560   1
275   -7.449500   -3.988640   1.851560   1
276   -4.602943   -3.460859   6.454503   1
277   1.851560   -7.449500   -3.988640   1
278   6.454503   -4.602943   -3.460859   1
279   3.988640   1.851560   -7.449500   1
280   -3.988640   1.851560   -7.449500   1
281   -6.454503   -4.602943   -3.460859   1
282   4.525073   0.934432   7.319717   1
283   4.300118   6.385285   3.945380   1
284   -1.860212   7.890759   3.010948   1
285   -5.450853   3.374338   5.805591   1
286   -1.505474   -0.934432   8.470453   1
287   1.860212   -7.890759   3.010948   1
288   5.450853   -3.374338   5.805591   1
289   8.470453   -1.505474   -0.934432   1
290   7.319717   4.525073   0.934432   1
291   3.374338   5.805591   -5.450853   1
292   -0.934432   8.470453   -1.505474   1
293   -6.385285   3.945380   -4.300118   1
294   -7.890759   3.010948   1.860212   1
295   -7.319717   -4.525073   0.934432   1
296   -3.945380   -4.300118   6.385285   1
297   0.934432   -7.319717   -4.525073   1
298   6.385285   -3.945380   -4.300118   1
299   3.010948   1.860212   -7.890759   1
300   -4.525073   0.934432   -7.319717   1
301   -5.805591   -5.450853   -3.374338   1
302   4.983637   0.000000   7.068805   1
303   5.078811   6.220895   3.227251   1
304   -1.851560   8.210889   1.998646   1
305   -6.220895   3.227251   5.078811   1
306   -1.998646   -1.851560   8.210889   1
307   1.851560   -8.210889   1.998646   1
308   6.220895   -3.227251   5.078811   1
309   8.210889   -1.998646   -1.851560   1
310   7.068805   4.983637   0.000000   1
311   3.227251   5.078811   -6.220895   1
312   -1.851560   8.210889   -1.998646   1
313   -6.220895   3.227251   -5.078811   1
314   -8.210889   1.998646   1.851560   1
315   -7.068805   -4.983637   0.000000   1
316   -3.227251   -5.078811   6.220895   1
317   0.000000   -7.068805   -4.983637   1
318   6.220895   -3.227251   -5.078811   1
319   1.998646   1.851560   -8.210889   1
320   -4.983637   0.000000   -7.068805   1
321   -5.078811   -6.220895   -3.227251   1
322   5.364332   -0.899823   6.731371   1
323   5.753679   5.969982   2.483167   1
324   -1.808299   8.401236   0.977693   1
325   -6.869806   3.036904   4.291465   1
326   -2.439906   -2.708122   7.847498   1
327   1.808299   -8.401236   0.977693   1
328   6.869806   -3.036904   4.291465   1
329   7.847498   -2.439906   -2.708122   1
330   6.731371   5.364332   -0.899823   1
331   3.036904   4.291465   -6.869806   1
332   -2.708122   7.847498   -2.439906   1
333   -5.969982   2.483167   -5.753679   1
334   -8.401236   0.977693   1.808299   1
335   -6.731371   -5.364332   -0.899823   1
336   -2.483167   -5.753679   5.969982   1
337   -0.899823   -6.731371   -5.364332   1
338   5.969982   -2.483167   -5.753679   1
339   0.977693   1.808299   -8.401236   1
340   -5.364332   -0.899823   -6.731371   1
341   -4.291465   -6.869806   -3.036904   1
342   1.747734   -8.470453   0.000000   1
343   7.397587   -2.820600   3.495468   1
344   6.316068   5.649853   -1.747734   1
345   -3.495468   7.397587   -2.820600   1
346   -8.470453   0.000000   1.747734   1
347   -1.747734   -6.316068   5.649853   1
348   -1.747734   -6.316068   -5.649853   1
349   5.649853   -1.747734   -6.316068   1
350   0.000000   1.747734   -8.470453   1
351   -5.649853   -1.747734   -6.316068   1
352   -3.495468   -7.397587   -2.820600   1
353   1.332431   4.118423   7.492760   1
354   0.821954   5.450853   6.662154   1
355   -0.821954   5.450853   6.662154   1
356   -1.332431   4.118423   7.492760   1
357   0.000000   3.296468   8.003237   1
358   0.821954   -5.450853   6.662154   1
359   1.332431   -4.118423   7.492760   1
360   8.003237   0.000000   3.296468   1
361   7.492760   1.332431   4.118423   1
362   4.118423   7.492760   -1.332431   1
363   3.296468   8.003237   0.000000   1
364   -5.450853   6.662154   -0.821954   1
365   -5.450853   6.662154   0.821954   1
366   -7.492760   -1.332431   4.118423   1
367   -6.662154   -0.821954   5.450853   1
368   4.118423   -7.492760   -1.332431   1
369   5.450853   -6.662154   -0.821954   1
370   6.662154   0.821954   -5.450853   1
371   -1.332431   4.118423   -7.492760   1
372   -7.492760   -1.332431   -4.118423   1
373   1.868864   3.469511   7.700412   1
374   1.626604   5.623896   6.367981   1
375   -0.865215   6.091112   6.082460   1
376   -2.163037   4.222248   7.233196   1
377   -0.467216   2.604297   8.236845   1
378   0.865215   -6.091112   6.082460   1
379   2.163037   -4.222248   7.233196   1
380   8.236845   -0.467216   2.604297   1
381   7.700412   1.868864   3.469511   1
382   4.222248   7.233196   -2.163037   1
383   2.604297   8.236845   -0.467216   1
384   -5.623896   6.367981   -1.626604   1
385   -6.091112   6.082460   0.865215   1
386   -7.700412   -1.868864   3.469511   1
387   -6.367981   -1.626604   5.623896   1
388   3.469511   -7.700412   -1.868864   1
389   5.623896   -6.367981   -1.626604   1
390   6.082460   0.865215   -6.091112   1
391   -1.868864   3.469511   -7.700412   1
392   -7.233196   -2.163037   -4.222248   1
393   2.439906   2.708122   7.847498   1
394   2.483167   5.753679   5.969982   1
395   -0.899823   6.731371   5.364332   1
396   -3.036904   4.291465   6.869806   1
397   -0.977693   1.808299   8.401236   1
398   0.899823   -6.731371   5.364332   1
399   3.036904   -4.291465   6.869806   1
400   8.401236   -0.977693   1.808299   1
401   7.847498   2.439906   2.708122   1
402   4.291465   6.869806   -3.036904   1
403   1.808299   8.401236   -0.977693   1
404   -5.753679   5.969982   -2.483167   1
405   -6.731371   5.364332   0.899823   1
406   -7.847498   -2.439906   2.708122   1
407   -5.969982   -2.483167   5.753679   1
408   2.708122   -7.847498   -2.439906   1
409   5.753679   -5.969982   -2.483167   1
410   5.364332   0.899823   -6.731371   1
411   -2.439906   2.708122   -7.847498   1
412   -6.869806   -3.036904   -4.291465   1
413   3.010948   1.860212   7.890759   1
414   3.374338   5.805591   5.450853   1
415   -0.934432   7.319717   4.525073   1
416   -3.945380   4.300118   6.385285   1
417   -1.505474   0.934432   8.470453   1
418   0.934432   -7.319717   4.525073   1
419   3.945380   -4.300118   6.385285   1
420   8.470453   -1.505474   0.934432   1
421   7.890759   3.010948   1.860212   1
422   4.300118   6.385285   -3.945380   1
423   0.934432   8.470453   -1.505474   1
424   -5.805591   5.450853   -3.374338   1
425   -7.319717   4.525073   0.934432   1
426   -7.890759   -3.010948   1.860212   1
427   -5.450853   -3.374338   5.805591   1
428   1.860212   -7.890759   -3.010948   1
429   5.805591   -5.450853   -3.374338   1
430   4.525073   0.934432   -7.319717   1
431   -3.010948   1.860212   -7.890759   1
432   -6.385285   -3.945380   -4.300118   1
433   3.573337   0.943084   7.821542   1
434   4.248205   5.779635   4.836551   1
435   -0.943084   7.821542   3.573337   1
436   -4.836551   4.248205   5.779635   1
437   -2.041907   -0.000000   8.409888   1
438   0.943084   -7.821542   3.573337   1
439   4.836551   -4.248205   5.779635   1
440   8.409888   -2.041907   -0.000000   1
441   7.821542   3.573337   0.943084   1
442   4.248205   5.779635   -4.836551   1
443   -0.000000   8.409888   -2.041907   1
444   -5.779635   4.836551   -4.248205   1
445   -7.821542   3.573337   0.943084   1
446   -7.821542   -3.573337   0.943084   1
447   -4.836551   -4.248205   5.779635   1
448   0.943084   -7.821542   -3.573337   1
449   5.779635   -4.836551   -4.248205   1
450   3.573337   0.943084   -7.821542   1
451   -3.573337   0.943084   -7.821542   1
452   -5.779635   -4.836551   -4.248205   1
453   4.083814   0.000000   7.631195   1
454   5.078811   5.658505   4.127075   1
455   -0.943084   8.210889   2.552384   1
456   -5.658505   4.127075   5.078811   1
457   -2.552384   -0.943084   8.210889   1
458   0.943084   -8.210889   2.552384   1
459   5.658505   -4.127075   5.078811   1
460   8.210889   -2.552384   -0.943084   1
461   7.631195   4.083814   0.000000   1
462   4.127075   5.078811   -5.658505   1
463   -0.943084   8.210889   -2.552384   1
464   -5.658505   4.127075   -5.078811   1
465   -8.210889   2.552384   0.943084   1
466   -7.631195   -4.083814   0.000000   1
467   -4.127075   -5.078811   5.658505   1
468   0.000000   -7.631195   -4.083814   1
469   5.658505   -4.127075   -5.078811   1
470   2.552384   0.943084   -8.210889   1
471   -4.083814   0.000000   -7.631195   1
472   -5.078811   -5.658505   -4.127075   1
473   4.525073   -0.934432   7.319717   1
474   5.805591   5.450853   3.374338   1
475   -0.934432   8.470453   1.505474   1
476   -6.385285   3.945380   4.300118   1
477   -3.010948   -1.860212   7.890759   1
478   0.934432   -8.470453   1.505474   1
479   6.385285   -3.945380   4.300118   1
480   7.890759   -3.010948   -1.860212   1
481   7.319717   4.525073   -0.934432   1
482   3.945380   4.300118   -6.385285   1
483   -1.860212   7.890759   -3.010948   1
484   -5.450853   3.374338   -5.805591   1
485   -8.470453   1.505474   0.934432   1
486   -7.319717   -4.525073   -0.934432   1
487   -3.374338   -5.805591   5.450853   1
488   -0.934432   -7.319717   -4.525073   1
489   5.450853   -3.374338   -5.805591   1
490   1.505474   0.934432   -8.470453   1
491   -4.525073   -0.934432   -7.319717   1
492   -4.300118   -6.385285   -3.945380   1
493   4.879812   -1.808299   6.913066   1
494   6.428546   5.173985   2.595644   1
495   -0.899823   8.591583   0.484520   1
496   -6.982284   3.711772   3.504120   1
497   -3.417599   -2.708122   7.475456   1
498   0.899823   -8.591583   0.484520   1
499   6.982284   -3.711772   3.504120   1
500   7.475456   -3.417599   -2.708122   1
501   6.913066   4.879812   -1.808299   1
502   3.711772   3.504120   -6.982284   1
503   -2.708122   7.475456   -3.417599   1
504   -5.173985   2.595644   -6.428546   1
505   -8.591583   0.484520   0.899823   1
506   -6.913066   -4.879812   -1.808299   1
507   -2.595644   -6.428546   5.173985   1
508   -1.808299   -6.913066   -4.879812   1
509   5.173985   -2.595644   -6.428546   1
510   0.484520   0.899823   -8.591583   1
511   -4.879812   -1.808299   -6.913066   1
512   -3.504120   -6.982284   -3.711772   1
513   0.000000   4.551030   7.362978   1
514   0.432607   4.023249   7.648499   1
515   0.700824   4.724073   7.215892   1
516   -0.000000   5.156680   6.947675   1
517   -0.700824   4.724073   7.215892   1
518   -0.432607   4.023249   7.648499   1
519   0.000000   -5.156680   6.947675   1
520   0.700824   -4.724073   7.215892   1
521   7.648499   -0.432607   4.023249   1
522   7.648499   0.432607   4.023249   1
523   4.724073   7.215892   -0.700824   1
524   4.023249   7.648499   -0.432607   1
525   -4.724073   7.215892   -0.700824   1
526   -5.156680   6.947675   0.000000   1
527   -7.648499   -0.432607   4.023249   1
528   -7.215892   -0.700824   4.724073   1
529   4.023249   -7.648499   -0.432607   1
530   4.724073   -7.215892   -0.700824   1
531   6.947675   0.000000   -5.156680   1
532   -0.432607   4.023249   -7.648499   1
533   -7.215892   -0.700824   -4.724073   1
534   0.917128   3.400294   7.899411   1
535   1.479517   4.888464   6.982284   1
536   0.000000   5.796939   6.419894   1
537   -1.479517   4.888464   6.982284   1
538   -0.917128   3.400294   7.899411   1
539   0.000000   -5.796939   6.419894   1
540   1.479517   -4.888464   6.982284   1
541   7.899411   -0.917128   3.400294   1
542   7.899411   0.917128   3.400294   1
543   4.888464   6.982284   -1.479517   1
544   3.400294   7.899411   -0.917128   1
545   -4.888464   6.982284   -1.479517   1
546   -5.796939   6.419894   0.000000   1
547   -7.899411   -0.917128   3.400294   1
548   -6.982284   -1.479517   4.888464   1
549   3.400294   -7.899411   -0.917128   1
550   4.888464   -6.982284   -1.479517   1
551   6.419894   0.000000   -5.796939   1
552   -0.917128   3.400294   -7.899411   1
553   -6.982284   -1.479517   -4.888464   1
554   1.444909   2.673514   8.098411   1
555   2.336080   5.009594   6.662154   1
556   0.000000   6.445850   5.770983   1
557   -2.336080   5.009594   6.662154   1
558   -1.444909   2.673514   8.098411   1
559   -0.000000   -6.445850   5.770983   1
560   2.336080   -5.009594   6.662154   1
561   8.098411   -1.444909   2.673514   1
562   8.098411   1.444909   2.673514   1
563   5.009594   6.662154   -2.336080   1
564   2.673514   8.098411   -1.444909   1
565   -5.009594   6.662154   -2.336080   1
566   -6.445850   5.770983   -0.000000   1
567   -8.098411   -1.444909   2.673514   1
568   -6.662154   -2.336080   5.009594   1
569   2.673514   -8.098411   -1.444909   1
570   5.009594   -6.662154   -2.336080   1
571   5.770983   -0.000000   -6.445850   1
572   -1.444909   2.673514   -8.098411   1
573   -6.662154   -2.336080   -5.009594   1
574   1.998646   1.851560   8.210889   1
575   3.227251   5.078811   6.220895   1
576   0.000000   7.068805   4.983637   1
577   -3.227251   5.078811   6.220895   1
578   -1.998646   1.851560   8.210889   1
579   0.000000   -7.068805   4.983637   1
580   3.227251   -5.078811   6.220895   1
581   8.210889   -1.998646   1.851560   1
582   8.210889   1.998646   1.851560   1
583   5.078811   6.220895   -3.227251   1
584   1.851560   8.210889   -1.998646   1
585   -5.078811   6.220895   -3.227251   1
586   -7.068805   4.983637   0.000000   1
587   -8.210889   -1.998646   1.851560   1
588   -6.220895   -3.227251   5.078811   1
589   1.851560   -8.210889   -1.998646   1
590   5.078811   -6.220895   -3.227251   1
591   4.983637   0.000000   -7.068805   1
592   -1.998646   1.851560   -8.210889   1
593   -6.220895   -3.227251   -5.078811   1
594   2.552384   0.943084   8.210889   1
595   4.127075   5.078811   5.658505   1
596   0.000000   7.631195   4.083814   1
597   -4.127075   5.078811   5.658505   1
598   -2.552384   0.943084   8.210889   1
599   0.000000   -7.631195   4.083814   1
600   4.127075   -5.078811   5.658505   1
601   8.210889   -2.552384   0.943084   1
602   8.210889   2.552384   0.943084   1
603   5.078811   5.658505   -4.127075   1
604   0.943084   8.210889   -2.552384   1
605   -5.078811   5.658505   -4.127075   1
606   -7.631195   4.083814   0.000000   1
607   -8.210889   -2.552384   0.943084   1
608   -5.658505   -4.127075   5.078811   1
609   0.943084   -8.210889   -2.552384   1
610   5.078811   -5.658505   -4.127075   1
611   4.083814   0.000000   -7.631195   1
612   -2.552384   0.943084   -8.210889   1
613   -5.658505   -4.127075   -5.078811   1
614   3.088817   0.000000   8.081106   1
615   4.992290   4.992290   4.992290   1
616   0.000000   8.081106   3.088817   1
617   -4.992290   4.992290   4.992290   1
618   -3.088817   0.000000   8.081106   1
619   0.000000   -8.081106   3.088817   1
620   4.992290   -4.992290   4.992290   1
621   8.081106   -3.088817   0.000000   1
622   8.081106   3.088817   0.000000   1
623   4.992290   4.992290   -4.992290   1
624   0.000000   8.081106   -3.088817   1
625   -4.992290   4.992290   -4.992290   1
626   -8.081106   3.088817   0.000000   1
627   -8.081106   -3.088817   0.000000   1
628   -4.992290   -4.992290   4.992290   1
629   0.000000   -8.081106   -3.088817   1
630   4.992290   -4.992290   -4.992290   1
631   3.088817   0.000000   -8.081106   1
632   -3.088817   0.000000   -8.081106   1
633   -4.992290   -4.992290   -4.992290   1
634   3.573337   -0.943084   7.821542   1
635   5.779635   4.836551   4.248205   1
636   0.000000   8.409888   2.041907   1
637   -5.779635   4.836551   4.248205   1
638   -3.573337   -0.943084   7.821542   1
639   0.000000   -8.409888   2.041907   1
640   5.779635   -4.836551   4.248205   1
641   7.821542   -3.573337   -0.943084   1
642   7.821542   3.573337   -0.943084   1
643   4.836551   4.248205   -5.779635   1
644   -0.943084   7.821542   -3.573337   1
645   -4.836551   4.248205   -5.779635   1
646   -8.409888   2.041907   0.000000   1
647   -7.821542   -3.573337   -0.943084   1
648   -4.248205   -5.779635   4.836551   1
649   -0.943084   -7.821542   -3.573337   1
650   4.836551   -4.248205   -5.779635   1
651   2.041907   0.000000   -8.409888   1
652   -3.573337   -0.943084   -7.821542   1
653   -4.248205   -5.779635   -4.836551   1
654   3.988640   -1.851560   7.449500   1
655   6.454503   4.602943   3.460859   1
656   0.000000   8.591583   0.994997   1
657   -6.454503   4.602943   3.460859   1
658   -3.988640   -1.851560   7.449500   1
659   0.000000   -8.591583   0.994997   1
660   6.454503   -4.602943   3.460859   1
661   7.449500   -3.988640   -1.851560   1
662   7.449500   3.988640   -1.851560   1
663   4.602943   3.460859   -6.454503   1
664   -1.851560   7.449500   -3.988640   1
665   -4.602943   3.460859   -6.454503   1
666   -8.591583   0.994997   0.000000   1
667   -7.449500   -3.988640   -1.851560   1
668   -3.460859   -6.454503   4.602943   1
669   -1.851560   -7.449500   -3.988640   1
670   4.602943   -3.460859   -6.454503   1
671   0.994997   0.000000   -8.591583   1
672   -3.988640   -1.851560   -7.449500   1
673   -3.460859   -6.454503   -4.602943   1
674   0.000000   -8.652148   0.000000   1
675   6.999588   -4.326074   2.673514   1
676   6.999588   4.326074   -2.673514   1
677   -2.673514   6.999588   -4.326074   1
678   -8.652148   0.000000   0.000000   1
679   -2.673514   -6.999588   4.326074   1
680   -2.673514   -6.999588   -4.326074   1
681   4.326074   -2.673514   -6.999588   1
682   0.000000   0.000000   -8.652148   1
683   -4.326074   -2.673514   -6.999588   1
684   0.467216   2.604297   8.236845   1
685   2.163037   4.222248   7.233196   1
686   0.865215   6.091112   6.082460   1
687   -1.626604   5.623896   6.367981   1
688   -1.868864   3.469511   7.700412   1
689   -0.865215   -6.091112   6.082460   1
690   1.626604   -5.623896   6.367981   1
691   7.700412   -1.868864   3.469511   1
692   8.236845   0.467216   2.604297   1
693   5.623896   6.367981   -1.626604   1
694   3.469511   7.700412   -1.868864   1
695   -4.222248   7.233196   -2.163037   1
696   -6.091112   6.082460   -0.865215   1
697   -8.236845   -0.467216   2.604297   1
698   -7.233196   -2.163037   4.222248   1
699   2.604297   -8.236845   -0.467216   1
700   4.222248   -7.233196   -2.163037   1
701   6.082460   -0.865215   -6.091112   1
702   -0.467216   2.604297   -8.236845   1
703   -6.367981   -1.626604   -5.623896   1
704   0.977693   1.808299   8.401236   1
705   3.036904   4.291465   6.869806   1
706   0.899823   6.731371   5.364332   1
707   -2.483167   5.753679   5.969982   1
708   -2.439906   2.708122   7.847498   1
709   -0.899823   -6.731371   5.364332   1
710   2.483167   -5.753679   5.969982   1
711   7.847498   -2.439906   2.708122   1
712   8.401236   0.977693   1.808299   1
713   5.753679   5.969982   -2.483167   1
714   2.708122   7.847498   -2.439906   1
715   -4.291465   6.869806   -3.036904   1
716   -6.731371   5.364332   -0.899823   1
717   -8.401236   -0.977693   1.808299   1
718   -6.869806   -3.036904   4.291465   1
719   1.808299   -8.401236   -0.977693   1
720   4.291465   -6.869806   -3.036904   1
721   5.364332   -0.899823   -6.731371   1
722   -0.977693   1.808299   -8.401236   1
723   -5.969982   -2.483167   -5.753679   1
724   1.505474   0.934432   8.470453   1
725   3.945380   4.300118   6.385285   1
726   0.934432   7.319717   4.525073   1
727   -3.374338   5.805591   5.450853   1
728   -3.010948   1.860212   7.890759   1
729   -0.934432   -7.319717   4.525073   1
730   3.374338   -5.805591   5.450853   1
731   7.890759   -3.010948   1.860212   1
732   8.470453   1.505474   0.934432   1
733   5.805591   5.450853   -3.374338   1
734   1.860212   7.890759   -3.010948   1
735   -4.300118   6.385285   -3.945380   1
736   -7.319717   4.525073   -0.934432   1
737   -8.470453   -1.505474   0.934432   1
738   -6.385285   -3.945380   4.300118   1
739   0.934432   -8.470453   -1.505474   1
740   4.300118   -6.385285   -3.945380   1
741   4.525073   -0.934432   -7.319717   1
742   -1.505474   0.934432   -8.470453   1
743   -5.450853   -3.374338   -5.805591   1
744   2.041907   -0.000000   8.409888   1
745   4.836551   4.248205   5.779635   1
746   0.943084   7.821542   3.573337   1
747   -4.248205   5.779635   4.836551   1
748   -3.573337   0.943084   7.821542   1
749   -0.943084   -7.821542   3.573337   1
750   4.248205   -5.779635   4.836551   1
751   7.821542   -3.573337   0.943084   1
752   8.409888   2.041907   -0.000000   1
753   5.779635   4.836551   -4.248205   1
754   0.943084   7.821542   -3.573337   1
755   -4.248205   5.779635   -4.836551   1
756   -7.821542   3.573337   -0.943084   1
757   -8.409888   -2.041907   -0.000000   1
758   -5.779635   -4.836551   4.248205   1
759   -0.000000   -8.409888   -2.041907   1
760   4.248205   -5.779635   -4.836551   1
761   3.573337   -0.943084   -7.821542   1
762   -2.041907   -0.000000   -8.409888   1
763   -4.836551   -4.248205   -5.779635   1
764   2.552384   -0.943084   8.210889   1
765   5.658505   4.127075   5.078811   1
766   0.943084   8.210889   2.552384   1
767   -5.078811   5.658505   4.127075   1
768   -4.083814   0.000000   7.631195   1
769   -0.943084   -8.210889   2.552384   1
770   5.078811   -5.658505   4.127075   1
771   7.631195   -4.083814   0.000000   1
772   8.210889   2.552384   -0.943084   1
773   5.658505   4.127075   -5.078811   1
774   0.000000   7.631195   -4.083814   1
775   -4.127075   5.078811   -5.658505   1
776   -8.210889   2.552384   -0.943084   1
777   -8.210889   -2.552384   -0.943084   1
778   -5.078811   -5.658505   4.127075   1
779   -0.943084   -8.210889   -2.552384   1
780   4.127075   -5.078811   -5.658505   1
781   2.552384   -0.943084   -8.210889   1
782   -2.552384   -0.943084   -8.210889   1
783   -4.127075   -5.078811   -5.658505   1
784   3.010948   -1.860212   7.890759   1
785   6.385285   3.945380   4.300118   1
786   0.934432   8.470453   1.505474   1
787   -5.805591   5.450853   3.374338   1
788   -4.525073   -0.934432   7.319717   1
789   -0.934432   -8.470453   1.505474   1
790   5.805591   -5.450853   3.374338   1
791   7.319717   -4.525073   -0.934432   1
792   7.890759   3.010948   -1.860212   1
793   5.450853   3.374338   -5.805591   1
794   -0.934432   7.319717   -4.525073   1
795   -3.945380   4.300118   -6.385285   1
796   -8.470453   1.505474   -0.934432   1
797   -7.890759   -3.010948   -1.860212   1
798   -4.300118   -6.385285   3.945380   1
799   -1.860212   -7.890759   -3.010948   1
800   3.945380   -4.300118   -6.385285   1
801   1.505474   -0.934432   -8.470453   1
802   -3.010948   -1.860212   -7.890759   1
803   -3.374338   -5.805591   -5.450853   1
804   3.417599   -2.708122   7.475456   1
805   6.982284   3.711772   3.504120   1
806   0.899823   8.591583   0.484520   1
807   -6.428546   5.173985   2.595644   1
808   -4.879812   -1.808299   6.913066   1
809   -0.899823   -8.591583   0.484520   1
810   6.428546   -5.173985   2.595644   1
811   6.913066   -4.879812   -1.808299   1
812   7.475456   3.417599   -2.708122   1
813   5.173985   2.595644   -6.428546   1
814   -1.808299   6.913066   -4.879812   1
815   -3.711772   3.504120   -6.982284   1
816   -8.591583   0.484520   -0.899823   1
817   -7.475456   -3.417599   -2.708122   1
818   -3.504120   -6.982284   3.711772   1
819   -2.708122   -7.475456   -3.417599   1
820   3.711772   -3.504120   -6.982284   1
821   0.484520   -0.899823   -8.591583   1
822   -3.417599   -2.708122   -7.475456   1
823   -2.595644   -6.428546   -5.173985   1
824   0.484520   0.899823   8.591583   1
825   3.711772   3.504120   6.982284   1
826   1.808299   6.913066   4.879812   1
827   -2.595644   6.428546   5.173985   1
828   -3.417599   2.708122   7.475456   1
829   -1.808299   -6.913066   4.879812   1
830   2.595644   -6.428546   5.173985   1
831   7.475456   -3.417599   2.708122   1
832   8.591583   0.484520   0.899823   1
833   6.428546   5.173985   -2.595644   1
834   2.708122   7.475456   -3.417599   1
835   -3.504120   6.982284   -3.711772   1
836   -6.913066   4.879812   -1.808299   1
837   -8.591583   -0.484520   0.899823   1
838   -6.982284   -3.711772   3.504120   1
839   0.899823   -8.591583   -0.484520   1
840   3.504120   -6.982284   -3.711772   1
841   4.879812   -1.808299   -6.913066   1
842   -0.484520   0.899823   -8.591583   1
843   -5.173985   -2.595644   -6.428546   1
844   0.994997   0.000000   8.591583   1
845   4.602943   3.460859   6.454503   1
846   1.851560   7.449500   3.988640   1
847   -3.460859   6.454503   4.602943   1
848   -3.988640   1.851560   7.449500   1
849   -1.851560   -7.449500   3.988640   1
850   3.460859   -6.454503   4.602943   1
851   7.449500   -3.988640   1.851560   1
852   8.591583   0.994997   0.000000   1
853   6.454503   4.602943   -3.460859   1
854   1.851560   7.449500   -3.988640   1
855   -3.460859   6.454503   -4.602943   1
856   -7.449500   3.988640   -1.851560   1
857   -8.591583   -0.994997   0.000000   1
858   -6.454503   -4.602943   3.460859   1
859   0.000000   -8.591583   -0.994997   1
860   3.460859   -6.454503   -4.602943   1
861   3.988640   -1.851560   -7.449500   1
862   -0.994997   0.000000   -8.591583   1
863   -4.602943   -3.460859   -6.454503   1
864   1.505474   -0.934432   8.470453   1
865   5.450853   3.374338   5.805591   1
866   1.860212   7.890759   3.010948   1
867   -4.300118   6.385285   3.945380   1
868   -4.525073   0.934432   7.319717   1
869   -1.860212   -7.890759   3.010948   1
870   4.300118   -6.385285   3.945380   1
871   7.319717   -4.525073   0.934432   1
872   8.470453   1.505474   -0.934432   1
873   6.385285   3.945380   -4.300118   1
874   0.934432   7.319717   -4.525073   1
875   -3.374338   5.805591   -5.450853   1
876   -7.890759   3.010948   -1.860212   1
877   -8.470453   -1.505474   -0.934432   1
878   -5.805591   -5.450853   3.374338   1
879   -0.934432   -8.470453   -1.505474   1
880   3.374338   -5.805591   -5.450853   1
881   3.010948   -1.860212   -7.890759   1
882   -1.505474   -0.934432   -8.470453   1
883   -3.945380   -4.300118   -6.385285   1
884   1.998646   -1.851560   8.210889   1
885   6.220895   3.227251   5.078811   1
886   1.851560   8.210889   1.998646   1
887   -5.078811   6.220895   3.227251   1
888   -4.983637   0.000000   7.068805   1
889   -1.851560   -8.210889   1.998646   1
890   5.078811   -6.220895   3.227251   1
891   7.068805   -4.983637   0.000000   1
892   8.210889   1.998646   -1.851560   1
893   6.220895   3.227251   -5.078811   1
894   0.000000   7.068805   -4.983637   1
895   -3.227251   5.078811   -6.220895   1
896   -8.210889   1.998646   -1.851560   1
897   -8.210889   -1.998646   -1.851560   1
898   -5.078811   -6.220895   3.227251   1
899   -1.851560   -8.210889   -1.998646   1
900   3.227251   -5.078811   -6.220895   1
901   1.998646   -1.851560   -8.210889   1
902   -1.998646   -1.851560   -8.210889   1
903   -3.227251   -5.078811   -6.220895   1
904   2.439906   -2.708122   7.847498   1
905   6.869806   3.036904   4.291465   1
906   1.808299   8.401236   0.977693   1
907   -5.753679   5.969982   2.483167   1
908   -5.364332   -0.899823   6.731371   1
909   -1.808299   -8.401236   0.977693   1
910   5.753679   -5.969982   2.483167   1
911   6.731371   -5.364332   -0.899823   1
912   7.847498   2.439906   -2.708122   1
913   5.969982   2.483167   -5.753679   1
914   -0.899823   6.731371   -5.364332   1
915   -3.036904   4.291465   -6.869806   1
916   -8.401236   0.977693   -1.808299   1
917   -7.847498   -2.439906   -2.708122   1
918   -4.291465   -6.869806   3.036904   1
919   -2.708122   -7.847498   -2.439906   1
920   3.036904   -4.291465   -6.869806   1
921   0.977693   -1.808299   -8.401236   1
922   -2.439906   -2.708122   -7.847498   1
923   -2.483167   -5.753679   -5.969982   1
924   -1.747734   -8.470453   0.000000   1
925   6.316068   -5.649853   1.747734   1
926   7.397587   2.820600   -3.495468   1
927   -1.747734   6.316068   -5.649853   1
928   -8.470453   0.000000   -1.747734   1
929   -3.495468   -7.397587   2.820600   1
930   2.820600   -3.495468   -7.397587   1
931   0.000000   -1.747734   -8.470453   1
932   -2.820600   -3.495468   -7.397587   1
933   0.484520   -0.899823   8.591583   1
934   5.173985   2.595644   6.428546   1
935   2.708122   7.475456   3.417599   1
936   -3.504120   6.982284   3.711772   1
937   -4.879812   1.808299   6.913066   1
938   -2.708122   -7.475456   3.417599   1
939   3.504120   -6.982284   3.711772   1
940   6.913066   -4.879812   1.808299   1
941   8.591583   0.484520   -0.899823   1
942   6.982284   3.711772   -3.504120   1
943   1.808299   6.913066   -4.879812   1
944   -2.595644   6.428546   -5.173985   1
945   -7.475456   3.417599   -2.708122   1
946   -8.591583   -0.484520   -0.899823   1
947   -6.428546   -5.173985   2.595644   1
948   -0.899823   -8.591583   -0.484520   1
949   2.595644   -6.428546   -5.173985   1
950   3.417599   -2.708122   -7.475456   1
951   -0.484520   -0.899823   -8.591583   1
952   -3.711772   -3.504120   -6.982284   1
953   0.977693   -1.808299   8.401236   1
954   5.969982   2.483167   5.753679   1
955   2.708122   7.847498   2.439906   1
956   -4.291465   6.869806   3.036904   1
957   -5.364332   0.899823   6.731371   1
958   -2.708122   -7.847498   2.439906   1
959   4.291465   -6.869806   3.036904   1
960   6.731371   -5.364332   0.899823   1
961   8.401236   0.977693   -1.808299   1
962   6.869806   3.036904   -4.291465   1
963   0.899823   6.731371   -5.364332   1
964   -2.483167   5.753679   -5.969982   1
965   -7.847498   2.439906   -2.708122   1
966   -8.401236   -0.977693   -1.808299   1
967   -5.753679   -5.969982   2.483167   1
968   -1.808299   -8.401236   -0.977693   1
969   2.483167   -5.753679   -5.969982   1
970   2.439906   -2.708122   -7.847498   1
971   -0.977693   -1.808299   -8.401236   1
972   -3.036904   -4.291465   -6.869806   1
973   1.444909   -2.673514   8.098411   1
974   6.662154   2.336080   5.009594   1
975   2.673514   8.098411   1.444909   1
976   -5.009594   6.662154   2.336080   1
977   -5.770983   -0.000000   6.445850   1
978   -2.673514   -8.098411   1.444909   1
979   5.009594   -6.662154   2.336080   1
980   6.445850   -5.770983   -0.000000   1
981   8.098411   1.444909   -2.673514   1
982   6.662154   2.336080   -5.009594   1
983   -0.000000   6.445850   -5.770983   1
984   -2.336080   5.009594   -6.662154   1
985   -8.098411   1.444909   -2.673514   1
986   -8.098411   -1.444909   -2.673514   1
987   -5.009594   -6.662154   2.336080   1
988   -2.673514   -8.098411   -1.444909   1
989   2.336080   -5.009594   -6.662154   1
990   1.444909   -2.673514   -8.098411   1
991   -1.444909   -2.673514   -8.098411   1
992   -2.336080   -5.009594   -6.662154   1
993   1.868864   -3.469511   7.700412   1
994   7.233196   2.163037   4.222248   1
995   2.604297   8.236845   0.467216   1
996   -5.623896   6.367981   1.626604   1
997   -6.082460   -0.865215   6.091112   1
998   -2.604297   -8.236845   0.467216   1
999   5.623896   -6.367981   1.626604   1
1000   6.091112   -6.082460   -0.865215   1
1001   7.700412   1.868864   -3.469511   1
1002   6.367981   1.626604   -5.623896   1
1003   -0.865215   6.091112   -6.082460   1
1004   -2.163037   4.222248   -7.233196   1
1005   -8.236845   0.467216   -2.604297   1
1006   -7.700412   -1.868864   -3.469511   1
1007   -4.222248   -7.233196   2.163037   1
1008   -3.469511   -7.700412   -1.868864   1
1009   2.163037   -4.222248   -7.233196   1
1010   0.467216   -2.604297   -8.236845   1
1011   -1.868864   -3.469511   -7.700412   1
1012   -1.626604   -5.623896   -6.367981   1
1013   0.467216   -2.604297   8.236845   1
1014   6.367981   1.626604   5.623896   1
1015   3.469511   7.700412   1.868864   1
1016   -4.222248   7.233196   2.163037   1
1017   -6.082460   0.865215   6.091112   1
1018   -3.469511   -7.700412   1.868864   1
1019   4.222248   -7.233196   2.163037   1
1020   6.091112   -6.082460   0.865215   1
1021   8.236845   0.467216   -2.604297   1
1022   7.233196   2.163037   -4.222248   1
1023   0.865215   6.091112   -6.082460   1
1024   -1.626604   5.623896   -6.367981   1
1025   -7.700412   1.868864   -3.469511   1
1026   -8.236845   -0.467216   -2.604297   1
1027   -5.623896   -6.367981   1.626604   1
1028   -2.604297   -8.236845   -0.467216   1
1029   1.626604   -5.623896   -6.367981   1
1030   1.868864   -3.469511   -7.700412   1
1031   -0.467216   -2.604297   -8.236845   1
1032   -2.163037   -4.222248   -7.233196   1
1033   0.917128   -3.400294   7.899411   1
1034   6.982284   1.479517   4.888464   1
1035   3.400294   7.899411   0.917128   1
1036   -4.888464   6.982284   1.479517   1
1037   -6.419894   0.000000   5.796939   1
1038   -3.400294   -7.899411   0.917128   1
1039   4.888464   -6.982284   1.479517   1
1040   5.796939   -6.419894   0.000000   1
1041   7.899411   0.917128   -3.400294   1
1042   6.982284   1.479517   -4.888464   1
1043   0.000000   5.796939   -6.419894   1
1044   -1.479517   4.888464   -6.982284   1
1045   -7.899411   0.917128   -3.400294   1
1046   -7.899411   -0.917128   -3.400294   1
1047   -4.888464   -6.982284   1.479517   1
1048   -3.400294   -7.899411   -0.917128   1
1049   1.479517   -4.888464   -6.982284   1
1050   0.917128   -3.400294   -7.899411   1
1051   -0.917128   -3.400294   -7.899411   1
1052   -1.479517   -4.888464   -6.982284   1
1053   -3.296468   -8.003237   0.000000   1
1054   5.450853   -6.662154   0.821954   1
1055   7.492760   1.332431   -4.118423   1
1056   -0.821954   5.450853   -6.662154   1
1057   -8.003237   0.000000   -3.296468   1
1058   -4.118423   -7.492760   1.332431   1
1059   1.332431   -4.118423   -7.492760   1
1060   0.000000   -3.296468   -8.003237   1
1061   -1.332431   -4.118423   -7.492760   1
1062   0.432607   -4.023249   7.648499   1
1063   7.215892   0.700824   4.724073   1
1064   4.023249   7.648499   0.432607   1
1065   -4.724073   7.215892   0.700824   1
1066   -6.947675   0.000000   5.156680   1
1067   -4.023249   -7.648499   0.432607   1
1068   4.724073   -7.215892   0.700824   1
1069   5.156680   -6.947675   0.000000   1
1070   7.648499   0.432607   -4.023249   1
1071   7.215892   0.700824   -4.724073   1
1072   0.000000   5.156680   -6.947675   1
1073   -0.700824   4.724073   -7.215892   1
1074   -7.648499   0.432607   -4.023249   1
1075   -7.648499   -0.432607   -4.023249   1
1076   -4.724073   -7.215892   0.700824   1
1077   -4.023249   -7.648499   -0.432607   1
1078   0.700824   -4.724073   -7.215892   1
1079   0.432607   -4.023249   -7.648499   1
1080   -0.432607   -4.023249   -7.648499   1
1081   -0.700824   -4.724073   -7.215892   1